95 
0 0 0.0599997261221 0.0 0 0 0 
1 0.0641313567758 0.0603124391932 0.0 0 0 0 
2 0.256513297558 0.0606441161803 0.047949444009 0.0502916926926 651.936767578 0.000349369365722 
3 0.577115416527 0.0610612590499 0.0698840036276 0.0988084315613 928.981445312 0.00137371616438 
4 1.02571594715 0.0615623775259 0.142432069857 0.145766200731 1146.9699707 0.00297842756845 
5 1.60218751431 0.0622229541458 0.158656917691 0.330701879517 1261.69384766 0.00558949029073 
6 2.3061709404 0.0630213987348 0.310772846701 0.773938408907 1335.07116699 0.00866507738829 
7 3.13781690598 0.0639368367408 0.322277420537 1.32113770687 1384.10913086 0.0122603708878 
8 4.09654188156 0.0649681534894 0.338660166077 1.78997458008 1417.71240234 0.0162163190544 
9 5.182513237 0.0661240566451 0.548725574792 3.13658727153 1442.76794434 0.0206540953368 
10 6.39557027817 0.0673919828361 0.567372906612 4.28367133785 1507.00537109 0.0255367774516 
11 7.73576974869 0.068777462875 0.783521211019 6.68787246087 1564.9173584 0.030795827508 
12 9.20316505432 0.0702801259777 0.972570884565 8.74172586075 1612.27380371 0.0364432372153 
13 10.798204422 0.0718990361101 1.22353063989 13.2244381442 1650.57385254 0.0424741990864 
14 12.5211801529 0.0736377383996 1.28641557514 17.2658844926 1679.43920898 0.0489022172987 
15 14.37271595 0.0754957711482 1.58179193503 22.5116406885 1701.73962402 0.0557266250253 
16 16.3538303375 0.0774733069219 1.8495461034 29.502290381 1719.3034668 0.0629401430488 
17 18.4647254944 0.0795755602947 1.91332943466 39.0188817067 1732.61938477 0.0705617442727 
18 20.7068767548 0.0818038727186 2.24205366403 49.5712753613 1742.16186523 0.0785893723369 
19 23.0804634094 0.0841586884465 2.29138300827 61.3860314666 1748.98547363 0.0870224684477 
20 25.5852451324 0.086642496223 2.7408139547 78.4688652387 1753.70031738 0.0958634838462 
21 28.2205066681 0.0892513316279 2.74091923527 93.1701961801 1756.58544922 0.10510070622 
22 30.9811096191 0.0919867033824 3.30056240449 113.907069582 1758.03308105 0.11473095417 
23 33.8687286377 0.0947826147632 3.45025315223 133.881606047 1758.76330566 0.124750204384 
24 36.8777542114 0.0976528958733 4.03346385851 163.241723291 1758.50390625 0.135126590729 
25 40.0129470825 0.100625519819 4.03397396615 184.940473468 1757.74108887 0.145868688822 
26 43.2747955322 0.103703850198 4.51663968308 212.027069635 1770.18151855 0.156977728009 
27 46.6620521545 0.106892855327 4.516697432 238.832914486 1785.09423828 0.168462812901 
28 50.1710205078 0.110184607334 5.03994723849 262.750552885 1798.26940918 0.180287852883 
29 53.7910079956 0.113580789474 5.57320811839 305.448192026 1809.75854492 0.192467316985 
30 57.5207939148 0.117081572653 6.05086455429 380.875884152 1819.65686035 0.204972788692 
31 61.3296508789 0.120681961608 6.05036185742 454.526838114 1828.01855469 0.217777177691 
32 65.2536392212 0.124389795606 6.55873099639 512.260631471 1835.0748291 0.230983406305 
33 69.2781066895 0.128192372228 6.55910893849 584.285415474 1840.9621582 0.24449442327 
34 73.419883728 0.132101162961 6.55942002052 632.049445366 1845.81286621 0.258367925882 
35 77.6879348755 0.13611682719 7.6829278287 699.061201639 1849.74694824 0.2726380229 
36 82.0928497314 0.140237638585 7.68281259502 746.773352191 1852.82104492 0.287253886461 
37 86.632484436 0.144454733363 7.93797308512 809.029537995 1855.14367676 0.303309291601 
38 91.2769851685 0.148745745597 9.2522710855 851.002247868 1856.76586914 0.31997731328 
39 95.9990997314 0.153106987426 9.25734224557 915.215735753 1857.65637207 0.337021827698 
40 100.799934387 0.157531469408 9.25681803546 962.171509532 1857.86450195 0.354333877563 
41 105.691932678 0.162021796451 9.25626715813 994.135896647 1857.46582031 0.371811240911 
42 110.682525635 0.166547200873 10.2977604957 1063.11321514 1856.49316406 0.389503180981 
43 115.769340515 0.171157144677 10.3040700434 1162.12119977 1855.05822754 0.40751594305 
44 120.960014343 0.175866508765 10.3045479938 1255.68632152 1853.04992676 0.425896942616 
45 126.246871948 0.180671926195 10.3050012278 1313.82815192 1852.37597656 0.444638609886 
46 131.642868042 0.185571937162 10.3054437154 1355.06335482 1860.61608887 0.463739037514 
47 137.153366089 0.190569125253 10.3058685831 1394.89484079 1868.27612305 0.483195543289 
48 142.774917603 0.195662586607 10.3062817317 1448.05120263 1875.33032227 0.502988040447 
49 148.487136841 0.20084683368 10.3066842069 1475.35179327 1881.78430176 0.523072719574 
50 154.304244995 0.206114194651 10.3070742319 1500.91125056 1887.65710449 0.543408632278 
51 160.217163086 0.211463455801 10.30744938 1521.55040061 1892.96936035 0.563989698887 
52 166.211715698 0.216882181136 10.3078100086 1545.62436084 1897.68139648 0.584733128548 
53 172.28994751 0.222361796486 10.3081545064 1562.47539839 1901.78222656 0.605573236942 
54 178.453857422 0.22790723446 10.3084879659 1579.32688337 1905.29003906 0.627699971199 
55 184.704223633 0.233522862791 10.308807142 1583.4774223 1908.30603027 0.650326728821 
56 191.022460938 0.239193098939 10.3091135358 1597.5212173 1910.69848633 0.673035025597 
57 197.407806396 0.244909826225 10.3094091313 1607.31321475 1912.45996094 0.69573456049 
58 203.853469849 0.250676506447 10.3096905092 1629.62798582 1913.77563477 0.718491137028 
59 210.355682373 0.256487750717 10.3099630934 1644.66134586 1914.51086426 0.741204619408 
60 216.914779663 0.262344678261 10.3102244478 1655.39226976 1914.74951172 0.763888180256 
61 223.516296387 0.268241203692 10.3104731161 1666.45565774 1914.49462891 0.786490380764 
62 230.164703369 0.274175113132 10.310708458 1673.02831865 1913.76953125 0.809009552002 
63 236.860244751 0.280144748195 10.3109350639 1681.49476172 1912.54064941 0.831418156624 
64 243.600128174 0.286148399252 10.311145268 1689.82356348 1910.98156738 0.853774130344 
65 250.373550415 0.292179638325 10.3113433291 1694.97872438 1910.42785645 0.875997722149 
66 257.177856445 0.298241522933 10.3115292737 1697.83486394 1916.03881836 0.898119688034 
67 264.017669678 0.30433288135 10.3117071962 1710.30940983 1921.13769531 0.920102834702 
68 270.890258789 0.310457830442 10.3118717383 1713.45967491 1925.83813477 0.942022979259 
69 277.795288086 0.316608687763 10.3120279734 1720.66842751 1930.02307129 0.963805019855 
70 284.73236084 0.322787698662 10.3121738038 1722.52392108 1933.73583984 0.98546487093 
71 291.703369141 0.328993111224 10.3123095669 1735.22974219 1936.99316406 1.00698888302 
72 298.705444336 0.335221072518 10.3124360999 1737.38566552 1939.7890625 1.02836620808 
73 305.73550415 0.341472051899 10.3125504913 1741.33330928 1942.1262207 1.04959774017 
74 312.79486084 0.347746587225 10.3126556922 1741.85634593 1944.02270508 1.07068574429 
75 319.884490967 0.35404408257 10.3127515652 1741.86691642 1945.49682617 1.09162974358 
76 327.001251221 0.36036274193 10.3128373114 1749.50828561 1946.55834961 1.11241865158 
77 334.14666748 0.366701608144 10.3171275369 1755.07992117 1947.21435547 1.13304722309 
78 341.313781738 0.373059131919 10.321615208 1758.8047658 1947.4720459 1.1535050869 
79 348.506256104 0.379435731042 10.3261211035 1758.81408538 1947.35009766 1.17378950119 
80 355.719696045 0.385829078996 10.330647162 1760.82897469 1946.86096191 1.1938906908 
81 362.953033447 0.392238220286 10.3351907696 1767.58200662 1946.01818848 1.21380710602 
82 370.205718994 0.398662362897 10.3397537157 1776.63518944 1944.83520508 1.23353040218 
83 377.479125977 0.405101324935 10.3443351775 1784.95348581 1943.32861328 1.25306081772 
84 384.768188477 0.411553969837 10.3489320944 1784.9615931 1941.51184082 1.27239346504 
85 392.071380615 0.418019912845 10.3542813317 1797.62157854 1939.39782715 1.29152607918 
86 399.388214111 0.4244972463 10.3589185517 1804.92989346 1941.21520996 1.31045413017 
87 406.720031738 0.430986388436 10.3635715217 1804.93738212 1944.27978516 1.32918035984 
88 414.067108154 0.437488645987 10.3682438228 1811.95940375 1947.05249023 1.34771072865 
89 421.430877686 0.444004233094 10.3729279921 1811.96648981 1949.53283691 1.36604690552 
90 428.809570313 0.450530760091 10.3776285812 1811.97340072 1951.71362305 1.38476538658 
91 436.20111084 0.45706839237 10.3823429772 1811.98014165 1953.59790039 1.40404713154 
92 443.604705811 0.463617044085 10.3870702096 1811.98672516 1955.18774414 1.42322385311 
93 451.019439697 0.470176169114 10.3918110992 1822.62566998 1956.4831543 1.4422955513 
94 458.44354248 0.476744803401 10.3965648244 1828.14660579 1957.48535156 1.46125590801 
