6 337 
621    -27.7209000    1.6901200    12.3714000    0.0003131    882.1433105    339.4692688    291.4446411    0.0050371    -0.0023306    -0.0027065    0.0051168    nan    nan
622    -27.7361000    1.6987900    12.3714000    0.0003294    786.8392334    267.2782593    192.2214508    0.0042919    -0.0018201    -0.0024717    0.0043927    nan    nan
623    -27.7531000    1.7038400    12.3715000    0.0003243    673.3859863    173.1433411    85.6015396    0.0029766    -0.0011734    -0.0018032    0.0030607    nan    nan
624    -27.7419000    1.7874400    12.3716000    0.0009369    555.6466675    58.1392517    2.8084166    0.0007580    -0.0003128    -0.0004451    0.0007705    nan    nan
625    -27.7037000    1.7766200    12.3715000    0.0009568    629.9173584    123.1970444    72.5763855    0.0011636    -0.0005005    -0.0006631    0.0011803    nan    nan
626    -27.6694000    1.7568900    12.3714000    0.0009222    684.7506714    208.6855011    107.8023834    0.0011348    -0.0004142    -0.0007207    0.0011612    nan    nan
666    -27.7834000    1.7045100    12.3716000    0.0002721    461.9564209    14.0999403    -85.3869781    0.0002132    -0.0000697    -0.0001435    0.0002204    nan    nan
667    -27.7737000    1.7897900    12.3716000    0.0005821    491.5018005    20.0098362    -37.6931229    0.0002929    -0.0001174    -0.0001755    0.0002966    nan    nan
668    -27.7688000    1.7047000    12.3716000    0.0002567    556.7819824    73.1132126    -10.2231855    0.0012314    -0.0004629    -0.0007685    0.0012669    nan    nan
669    -27.6913000    1.6458900    12.3713000    0.0003803    1026.6799316    488.1899414    425.3586426    0.0053249    -0.0023305    -0.0029943    0.0053746    nan    nan
670    -27.6972000    1.6633800    12.3713000    0.0003669    1003.7355347    454.5137024    410.5994568    0.0053823    -0.0024620    -0.0029203    0.0054327    nan    nan
671    -27.7076000    1.6784100    12.3713000    0.0003504    955.4715576    396.3086243    372.5502930    0.0053859    -0.0026384    -0.0027475    0.0054448    nan    nan
672    -27.6406000    1.7295200    12.3714000    0.0009314    708.1475220    305.8408203    108.3026199    0.0008452    -0.0001855    -0.0006597    0.0008986    nan    nan
673    -27.6192000    1.6953500    12.3713000    0.0008928    697.1332397    412.5521545    92.0261993    0.0005003    0.0000103    -0.0005106    0.0005907    nan    nan
674    -27.6077000    1.6567600    12.3713000    0.0008642    654.2472534    503.5048218    74.7030258    0.0002935    0.0000908    -0.0003843    0.0004061    nan    nan
1215    -27.7210000    1.6901800    12.1120000    0.0003411    1073.2081299    583.5297852    438.9822998    0.0055983    -0.0021502    -0.0034481    0.0057090    nan    nan
1216    -27.7362000    1.6988700    12.1120000    0.0003589    947.9316406    460.5472412    324.1171875    0.0047069    -0.0017957    -0.0029111    0.0048116    nan    nan
1217    -27.7532000    1.7039200    12.1121000    0.0003533    800.7141113    309.4943237    194.6578674    0.0033540    -0.0013023    -0.0020517    0.0034200    nan    nan
1218    -27.7420000    1.7875000    12.1121000    0.0010201    630.4768066    132.9497375    73.1008987    0.0007822    -0.0003311    -0.0004511    0.0007908    nan    nan
1219    -27.7038000    1.7766800    12.1120000    0.0010420    734.0226440    231.6737671    171.0810089    0.0010810    -0.0004586    -0.0006224    0.0010922    nan    nan
1220    -27.6695000    1.7569400    12.1120000    0.0010045    814.5978394    338.9796448    235.9624481    0.0010009    -0.0003661    -0.0006348    0.0010189    nan    nan
1259    -27.7964000    1.7896900    12.1121000    0.0005484    493.8078003    41.7598267    -26.9259453    0.0001223    -0.0000517    -0.0000706    0.0001230    nan    nan
1260    -27.7835000    1.7045900    12.1121000    0.0002963    545.0114746    41.8481026    -0.3109210    0.0004257    -0.0001904    -0.0002352    0.0004282    nan    nan
1261    -27.7738000    1.7898600    12.1121000    0.0006337    545.6802368    66.6578445    2.7818789    0.0003581    -0.0001521    -0.0002060    0.0003606    nan    nan
1262    -27.7689000    1.7047900    12.1121000    0.0002796    655.0797119    147.2738037    88.1274872    0.0015060    -0.0006504    -0.0008556    0.0015212    nan    nan
1263    -27.6913000    1.6459000    12.1120000    0.0004144    1258.1513672    747.3094482    626.4157715    0.0061967    -0.0026433    -0.0035534    0.0062658    nan    nan
1264    -27.6972000    1.6634100    12.1120000    0.0003999    1229.0760498    723.4215088    594.8684692    0.0062170    -0.0025883    -0.0036288    0.0062970    nan    nan
1265    -27.7076000    1.6784600    12.1120000    0.0003818    1168.0725098    669.7486572    531.9605103    0.0061114    -0.0024480    -0.0036634    0.0062072    nan    nan
1266    -27.6406000    1.7295600    12.1120000    0.0010146    860.1079712    450.7778015    260.2978516    0.0007255    -0.0001735    -0.0005520    0.0007618    nan    nan
1267    -27.6193000    1.6953700    12.1119000    0.0009726    867.3018188    564.7230225    258.9273682    0.0004169    -0.0000131    -0.0004038    0.0004760    nan    nan
1268    -27.6078000    1.6567700    12.1119000    0.0009416    844.4006958    647.6746826    250.3383484    0.0002515    0.0000443    -0.0002959    0.0003202    nan    nan
1809    -27.7210000    1.6901800    11.8296000    0.0003713    1068.3359375    616.0505371    416.7933960    0.0059361    -0.0019609    -0.0039752    0.0061203    nan    nan
1810    -27.7362000    1.6988800    11.8296000    0.0003906    955.7462158    503.3527222    312.9892578    0.0051792    -0.0016843    -0.0034949    0.0053555    nan    nan
1811    -27.7532000    1.7039400    11.8296000    0.0003845    824.5733032    367.1358032    196.1005402    0.0038551    -0.0012625    -0.0025926    0.0039768    nan    nan
1812    -27.7421000    1.7875200    11.8296000    0.0011106    671.2291870    175.5182495    106.3724518    0.0009711    -0.0003857    -0.0005854    0.0009840    nan    nan
1813    -27.7038000    1.7766900    11.8296000    0.0011344    774.8004761    266.2590942    212.1606903    0.0011914    -0.0005070    -0.0006844    0.0012025    nan    nan
1814    -27.6696000    1.7569300    11.8295000    0.0010935    854.3265381    348.8784180    294.9704285    0.0009614    -0.0004145    -0.0005469    0.0009692    nan    nan
1853    -27.7964000    1.7897300    11.8296000    0.0005970    527.7824707    51.5257492    7.9396000    0.0001656    -0.0000715    -0.0000941    0.0001662    nan    nan
1854    -27.7835000    1.7046400    11.8296000    0.0003225    581.8472290    82.9319229    28.6110096    0.0005164    -0.0002231    -0.0002932    0.0005197    nan    nan
1855    -27.7738000    1.7898900    11.8296000    0.0006899    585.0061646    92.1009140    35.5425911    0.0004645    -0.0001866    -0.0002779    0.0004689    nan    nan
1856    -27.7690000    1.7048300    11.8296000    0.0003043    689.7268677    212.8775177    96.6571198    0.0017782    -0.0006546    -0.0011236    0.0018109    nan    nan
1857    -27.6914000    1.6459000    11.8295000    0.0004511    1242.3211670    773.3981323    592.6566772    0.0061742    -0.0023206    -0.0038536    0.0062988    nan    nan
1858    -27.6973000    1.6634100    11.8295000    0.0004352    1214.1376953    749.5272217    562.5512085    0.0062636    -0.0022893    -0.0039743    0.0064037    nan    nan
1859    -27.7076000    1.6784600    11.8295000    0.0004156    1156.1621094    697.4030762    502.9470215    0.0062856    -0.0021947    -0.0040909    0.0064480    nan    nan
1860    -27.6407000    1.7295500    11.8295000    0.0011045    902.7947998    456.3870850    319.8248901    0.0005672    -0.0001849    -0.0003824    0.0005814    nan    nan
1861    -27.6193000    1.6953700    11.8295000    0.0010588    910.2968140    574.3275146    316.9647522    0.0002093    -0.0000312    -0.0001781    0.0002264    nan    nan
2403    -27.7210000    1.6902100    11.5221000    0.0004042    1099.3577881    649.4876099    444.9885254    0.0062034    -0.0019980    -0.0042054    0.0064082    nan    nan
2404    -27.7362000    1.6989100    11.5221000    0.0004252    977.4978027    529.9870605    331.6236877    0.0053899    -0.0016939    -0.0036960    0.0055896    nan    nan
2405    -27.7533000    1.7039800    11.5221000    0.0004186    834.0642700    384.6215210    201.9127808    0.0039771    -0.0012435    -0.0027336    0.0041192    nan    nan
2406    -27.7421000    1.7875400    11.5221000    0.0012088    680.3187866    192.2291260    110.4672775    0.0009627    -0.0003638    -0.0005989    0.0009781    nan    nan
2407    -27.7039000    1.7767000    11.5221000    0.0012347    788.8253784    284.2897339    223.6047058    0.0011732    -0.0004875    -0.0006857    0.0011851    nan    nan
2408    -27.6696000    1.7569500    11.5220000    0.0011903    873.7439575    361.7927551    320.4032593    0.0009245    -0.0004148    -0.0005097    0.0009306    nan    nan
2447    -27.7965000    1.7897600    11.5221000    0.0006498    534.7063599    64.1866379    14.9768114    0.0001517    -0.0000624    -0.0000893    0.0001526    nan    nan
2448    -27.7836000    1.7046700    11.5221000    0.0003510    580.4791870    94.1312866    20.0318165    0.0004797    -0.0001943    -0.0002854    0.0004844    nan    nan
2449    -27.7739000    1.7899200    11.5221000    0.0007509    591.5532227    106.4060745    38.6131096    0.0004509    -0.0001706    -0.0002804    0.0004566    nan    nan
2450    -27.7690000    1.7048600    11.5221000    0.0003312    690.0681152    224.3936462    91.8240509    0.0017876    -0.0006211    -0.0011666    0.0018288    nan    nan
2451    -27.6914000    1.6459100    11.5220000    0.0004910    1279.8819580    810.9987793    627.4602661    0.0064983    -0.0024028    -0.0040956    0.0066355    nan    nan
2452    -27.6973000    1.6634200    11.5220000    0.0004738    1251.3532715    787.0229492    597.0800171    0.0065803    -0.0023646    -0.0042157    0.0067343    nan    nan
2453    -27.7077000    1.6784800    11.5220000    0.0004524    1191.8103027    734.0449829    535.8933716    0.0065838    -0.0022544    -0.0043295    0.0067628    nan    nan
2454    -27.6407000    1.7295600    11.5220000    0.0012023    927.6732788    474.2886963    348.6454773    0.0005374    -0.0001851    -0.0003523    0.0005486    nan    nan
2455    -27.6194000    1.6953700    11.5220000    0.0011526    937.3905029    595.0044556    351.1547546    0.0002140    -0.0000363    -0.0001776    0.0002294    nan    nan
2456    -27.6079000    1.6567700    11.5220000    0.0011158    913.6364136    680.2652588    354.2458801    0.0001069    0.0000011    -0.0001080    0.0001243    nan    nan
2997    -27.7211000    1.6902200    11.1873000    0.0004399    1102.3248291    662.9141235    442.8723145    0.0064790    -0.0019765    -0.0045025    0.0067240    nan    nan
2998    -27.7363000    1.6989300    11.1874000    0.0004628    985.7549438    547.1092529    334.9024048    0.0056770    -0.0016935    -0.0039835    0.0059139    nan    nan
2999    -27.7533000    1.7040000    11.1874000    0.0004556    849.2361450    407.5132141    211.7728882    0.0042546    -0.0012628    -0.0029919    0.0044266    nan    nan
3000    -27.7421000    1.7875600    11.1874000    0.0013158    694.2227173    211.5236969    119.3266144    0.0010300    -0.0003742    -0.0006558    0.0010490    nan    nan
3001    -27.7039000    1.7767200    11.1874000    0.0013440    804.5864868    304.2481384    234.9327393    0.0012249    -0.0004947    -0.0007301    0.0012389    nan    nan
3002    -27.6697000    1.7569600    11.1873000    0.0012956    890.7152100    372.3580322    342.1789551    0.0009376    -0.0004329    -0.0005047    0.0009430    nan    nan
3041    -27.7965000    1.7897900    11.1874000    0.0007072    543.0562744    76.0544586    17.5022373    0.0001705    -0.0000673    -0.0001033    0.0001719    nan    nan
3042    -27.7836000    1.7047000    11.1874000    0.0003821    598.3773804    121.0315323    29.8088741    0.0005964    -0.0002276    -0.0003688    0.0006048    nan    nan
3043    -27.7739000    1.7899400    11.1874000    0.0008173    602.6964722    121.8977585    43.1425552    0.0004929    -0.0001787    -0.0003142    0.0005005    nan    nan
3044    -27.7690000    1.7048900    11.1874000    0.0003606    709.3718262    251.7992859    104.5340042    0.0019756    -0.0006485    -0.0013271    0.0020307    nan    nan
3045    -27.6914000    1.6459100    11.1873000    0.0005344    1279.9377441    824.2457886    621.2941895    0.0067376    -0.0023576    -0.0043800    0.0069108    nan    nan
3046    -27.6973000    1.6634200    11.1873000    0.0005156    1251.3183594    799.6350098    591.1708984    0.0068273    -0.0023222    -0.0045051    0.0070190    nan    nan
3047    -27.7077000    1.6784900    11.1873000    0.0004924    1192.3673096    746.3519897    530.9794922    0.0068425    -0.0022193    -0.0046232    0.0070607    nan    nan
3048    -27.6408000    1.7295700    11.1873000    0.0013088    947.6564331    483.8424988    374.0535278    0.0005283    -0.0001942    -0.0003341    0.0005370    nan    nan
3049    -27.6194000    1.6953700    11.1873000    0.0012546    958.8489990    606.2491455    379.9485474    0.0002069    -0.0000408    -0.0001661    0.0002196    nan    nan
3591    -27.7211000    1.6902300    10.8230000    0.0004789    1115.6575928    679.8408203    453.6390686    0.0067019    -0.0019888    -0.0047131    0.0069709    nan    nan
3592    -27.7363000    1.6989500    10.8230000    0.0005038    995.3327026    561.1846313    341.6611328    0.0058822    -0.0016982    -0.0041841    0.0061447    nan    nan
3593    -27.7533000    1.7040200    10.8230000    0.0004959    853.6691284    417.7940369    212.9496613    0.0044102    -0.0012566    -0.0031536    0.0046045    nan    nan
3594    -27.7421000    1.7875800    10.8230000    0.0014321    702.0121460    225.2330170    122.6111221    0.0010724    -0.0003744    -0.0006980    0.0010950    nan    nan
3595    -27.7039000    1.7767300    10.8230000    0.0014629    814.5083008    318.8919678    240.6705933    0.0012630    -0.0004955    -0.0007675    0.0012795    nan    nan
3596    -27.6697000    1.7569600    10.8230000    0.0014103    902.6963501    381.3430176    356.3990784    0.0009493    -0.0004427    -0.0005066    0.0009546    nan    nan
3635    -27.7965000    1.7898100    10.8231000    0.0007698    549.1011963    87.2535324    17.7621918    0.0001817    -0.0000685    -0.0001132    0.0001836    nan    nan
3636    -27.7836000    1.7047300    10.8231000    0.0004159    599.6047974    131.3373871    25.4399967    0.0006251    -0.0002249    -0.0004002    0.0006366    nan    nan
3637    -27.7739000    1.7899600    10.8231000    0.0008896    609.2863770    134.0225372    44.0422478    0.0005151    -0.0001790    -0.0003361    0.0005245    nan    nan
3638    -27.7691000    1.7049100    10.8230000    0.0003924    710.2755737    260.6849365    101.0328217    0.0020466    -0.0006386    -0.0014080    0.0021124    nan    nan
3639    -27.6914000    1.6459100    10.8230000    0.0005817    1294.4980469    842.2456055    633.2843628    0.0069448    -0.0023782    -0.0045666    0.0071354    nan    nan
3640    -27.6973000    1.6634300    10.8230000    0.0005613    1266.1218262    817.7850342    603.4791870    0.0070402    -0.0023425    -0.0046978    0.0072506    nan    nan
3641    -27.7077000    1.6785000    10.8230000    0.0005360    1207.0825195    764.4216309    543.2276001    0.0070633    -0.0022374    -0.0048260    0.0073026    nan    nan
3642    -27.6408000    1.7295700    10.8230000    0.0014246    962.4353027    492.2723694    392.2407532    0.0005295    -0.0002018    -0.0003276    0.0005370    nan    nan
3643    -27.6194000    1.6953800    10.8230000    0.0013656    975.2464600    615.8997803    400.2349243    0.0002130    -0.0000454    -0.0001676    0.0002248    nan    nan
3644    -27.6080000    1.6567700    10.8230000    0.0013221    955.8354492    700.5975952    405.1568298    0.0001046    -0.0000053    -0.0000993    0.0001181    nan    nan
4185    -27.7211000    1.6902500    10.4265000    0.0005212    1119.9602051    689.2810669    455.1523132    0.0069138    -0.0019883    -0.0049255    0.0072110    nan    nan
4186    -27.7363000    1.6989600    10.4265000    0.0005483    1001.8789062    572.4085693    345.4412231    0.0060910    -0.0017051    -0.0043859    0.0063803    nan    nan
4187    -27.7533000    1.7040400    10.4265000    0.0005398    863.1461792    431.4596252    219.5593719    0.0045958    -0.0012686    -0.0033272    0.0048120    nan    nan
4188    -27.7422000    1.7876000    10.4265000    0.0015588    710.0771484    237.7285767    127.0821915    0.0011213    -0.0003794    -0.0007419    0.0011474    nan    nan
4189    -27.7039000    1.7767400    10.4265000    0.0015923    824.1539307    332.5389709    246.5595398    0.0013097    -0.0005012    -0.0008085    0.0013286    nan    nan
4190    -27.6697000    1.7569700    10.4265000    0.0015350    913.3918457    391.0012817    367.4212341    0.0009685    -0.0004515    -0.0005170    0.0009740    nan    nan
4229    -27.7965000    1.7898300    10.4265000    0.0008378    554.0346680    96.2993851    17.3688908    0.0001960    -0.0000713    -0.0001247    0.0001985    nan    nan
4230    -27.7836000    1.7047600    10.4265000    0.0004527    609.1307373    146.7017212    30.5378933    0.0006963    -0.0002403    -0.0004561    0.0007116    nan    nan
4231    -27.7739000    1.7899800    10.4265000    0.0009683    615.4895020    144.5488434    45.4534187    0.0005451    -0.0001832    -0.0003619    0.0005565    nan    nan
4232    -27.7691000    1.7049400    10.4265000    0.0004272    721.1574707    276.3816528    108.3612061    0.0021651    -0.0006514    -0.0015138    0.0022420    nan    nan
4233    -27.6915000    1.6459100    10.4265000    0.0006332    1298.0289307    851.8348999    633.6546631    0.0071420    -0.0023722    -0.0047698    0.0073569    nan    nan
4234    -27.6973000    1.6634300    10.4265000    0.0006109    1269.4348144    826.9661255    603.7688599    0.0072416    -0.0023371    -0.0049046    0.0074775    nan    nan
4235    -27.7077000    1.6785100    10.4265000    0.0005834    1210.4652100    773.4019775    543.7177734    0.0072705    -0.0022335    -0.0050370    0.0075367    nan    nan
4236    -27.6408000    1.7295800    10.4265000    0.0015506    975.2951660    499.1230774    408.3777466    0.0005355    -0.0002108    -0.0003247    0.0005422    nan    nan
4237    -27.6195000    1.6953800    10.4265000    0.0014865    989.8200684    623.8920898    417.8434143    0.0002169    -0.0000494    -0.0001675    0.0002279    nan    nan
4238    -27.6080000    1.6567700    10.4264000    0.0014391    972.3297119    708.5791016    423.7341003    0.0001086    -0.0000078    -0.0001008    0.0001215    nan    nan
4779    -27.7211000    1.6902600    9.9948500    0.0005673    1127.6713867    699.9760742    460.8518066    0.0071024    -0.0019964    -0.0051060    0.0074219    nan    nan
4780    -27.7363000    1.6989800    9.9948600    0.0005968    1007.9020386    581.7949219    349.3184814    0.0062687    -0.0017107    -0.0045580    0.0065810    nan    nan
4781    -27.7533000    1.7040600    9.9948600    0.0005875    866.8421021    439.1199646    220.8807068    0.0047385    -0.0012690    -0.0034694    0.0049746    nan    nan
4782    -27.7422000    1.7876100    9.9948700    0.0016967    716.1790161    248.1654205    129.8496857    0.0011659    -0.0003827    -0.0007832    0.0011956    nan    nan
4783    -27.7039000    1.7767500    9.9948500    0.0017331    831.5283813    343.7266846    250.5936890    0.0013512    -0.0005050    -0.0008462    0.0013726    nan    nan
4784    -27.6697000    1.7569800    9.9948500    0.0016708    922.0736084    400.3056641    375.0108643    0.0009872    -0.0004569    -0.0005303    0.0009930    nan    nan
4788    -27.6434000    1.9245300    9.9948500    0.0082773    629.2394409    178.2161102    154.3664551    0.0001079    -0.0000490    -0.0000590    0.0001084    nan    nan
4823    -27.7965000    1.7898500    9.9948800    0.0009119    558.5151978    104.6748886    16.8606529    0.0002094    -0.0000735    -0.0001359    0.0002125    nan    nan
4824    -27.7836000    1.7047800    9.9948700    0.0004927    611.7437744    155.3784943    29.4593563    0.0007361    -0.0002432    -0.0004930    0.0007549    nan    nan
4825    -27.7739000    1.7900000    9.9948700    0.0010539    620.2916260    154.0643921    46.4864540    0.0005752    -0.0001873    -0.0003879    0.0005886    nan    nan
4826    -27.7691000    1.7049600    9.9948700    0.0004649    723.4087524    283.9307251    107.5567093    0.0022424    -0.0006497    -0.0015927    0.0023295    nan    nan
4827    -27.6915000    1.6459100    9.9948400    0.0006892    1305.7758789    862.8407593    639.3197021    0.0073128    -0.0023818    -0.0049310    0.0075451    nan    nan
4828    -27.6973000    1.6634400    9.9948400    0.0006649    1277.4338379    838.1021729    609.7533569    0.0074184    -0.0023474    -0.0050710    0.0076726    nan    nan
4829    -27.7077000    1.6785100    9.9948500    0.0006350    1218.6140137    784.5776978    549.9000244    0.0074551    -0.0022437    -0.0052114    0.0077415    nan    nan
4830    -27.6408000    1.7295800    9.9948400    0.0016878    985.9353027    505.0575867    421.6115112    0.0005443    -0.0002194    -0.0003249    0.0005503    nan    nan
4831    -27.6195000    1.6953800    9.9948300    0.0016180    1002.0520630    630.6192017    432.0835266    0.0002235    -0.0000535    -0.0001700    0.0002339    nan    nan
4832    -27.6080000    1.6567700    9.9948300    0.0015664    986.1946411    715.0470581    438.7737732    0.0001157    -0.0000103    -0.0001054    0.0001284    nan    nan
5373    -27.7211000    1.6902700    9.5250600    0.0006175    1131.6790772    707.2341309    462.9356689    0.0072766    -0.0019999    -0.0052767    0.0076185    nan    nan
5374    -27.7363000    1.6989900    9.5250600    0.0006496    1012.9979248    589.9939575    352.4295654    0.0064397    -0.0017175    -0.0047222    0.0067743    nan    nan
5375    -27.7533000    1.7040800    9.5250700    0.0006395    873.2026978    448.4171143    225.1904297    0.0048877    -0.0012771    -0.0036106    0.0051425    nan    nan
5376    -27.7422000    1.7876300    9.5250700    0.0018467    722.0002441    257.7084351    132.6744995    0.0012138    -0.0003879    -0.0008258    0.0012470    nan    nan
5377    -27.7039000    1.7767600    9.5250600    0.0018864    838.1956787    353.7091064    254.3728333    0.0013916    -0.0005095    -0.0008821    0.0014155    nan    nan
5378    -27.6697000    1.7569900    9.5250500    0.0018186    929.8280029    409.4531555    380.9851990    0.0010066    -0.0004615    -0.0005452    0.0010128    nan    nan
5382    -27.6434000    1.9245300    9.5250600    0.0090093    636.2431641    182.3053741    162.6117401    0.0001178    -0.0000526    -0.0000652    0.0001183    nan    nan
5417    -27.7965000    1.7898700    9.5250800    0.0009926    562.3084717    111.7553635    16.3640118    0.0002222    -0.0000757    -0.0001465    0.0002260    nan    nan
5418    -27.7836000    1.7048000    9.5250800    0.0005363    617.5153809    165.5920715    32.2186317    0.0007879    -0.0002518    -0.0005361    0.0008103    nan    nan
5419    -27.7739000    1.7900200    9.5250800    0.0011471    624.7225952    162.5933685    47.9124031    0.0006068    -0.0001924    -0.0004145    0.0006223    nan    nan
5420    -27.7691000    1.7049800    9.5250700    0.0005061    730.0863037    294.3952942    111.6770859    0.0023364    -0.0006576    -0.0016788    0.0024334    nan    nan
5421    -27.6915000    1.6459100    9.5250500    0.0007501    1309.5032959    870.2518921    640.9929199    0.0074722    -0.0023832    -0.0050890    0.0077233    nan    nan
5422    -27.6973000    1.6634400    9.5250500    0.0007237    1281.0003662    845.2521362    611.3383179    0.0075817    -0.0023492    -0.0052325    0.0078558    nan    nan
5423    -27.7077000    1.6785200    9.5250600    0.0006911    1222.1817627    791.6085205    551.5473022    0.0076241    -0.0022461    -0.0053780    0.0079316    nan    nan
5424    -27.6408000    1.7295900    9.5250500    0.0018371    995.3245850    510.1750793    433.4089355    0.0005539    -0.0002280    -0.0003260    0.0005596    nan    nan
5425    -27.6195000    1.6953900    9.5250400    0.0017611    1012.9894409    636.4765625    444.6669006    0.0002293    -0.0000572    -0.0001720    0.0002392    nan    nan
5426    -27.6080000    1.6567700    9.5250400    0.0017050    998.6525879    720.8933105    452.1850891    0.0001220    -0.0000127    -0.0001093    0.0001345    nan    nan
5967    -27.7211000    1.6902800    9.0137200    0.0006721    1136.8822022    714.7791748    466.5581665    0.0074371    -0.0020064    -0.0054308    0.0077988    nan    nan
5968    -27.7363000    1.6990000    9.0137300    0.0007070    1017.4451294    596.9564209    355.1805115    0.0065936    -0.0017230    -0.0048707    0.0069484    nan    nan
5969    -27.7533000    1.7041000    9.0137300    0.0006960    876.5436401    454.5310669    226.7475433    0.0050139    -0.0012794    -0.0037345    0.0052860    nan    nan
5970    -27.7422000    1.7876400    9.0137300    0.0020100    726.8818970    266.0447693    134.8632202    0.0012580    -0.0003922    -0.0008657    0.0012947    nan    nan
5971    -27.7039000    1.7767700    9.0137300    0.0020533    843.8048096    362.3650818    257.4099121    0.0014290    -0.0005133    -0.0009157    0.0014554    nan    nan
5972    -27.6697000    1.7569900    9.0137200    0.0019794    936.5408936    417.8719788    385.7137451    0.0010253    -0.0004651    -0.0005602    0.0010319    nan    nan
5976    -27.6434000    1.9245400    9.0137300    0.0098060    642.4882812    187.1006165    168.6406403    0.0001271    -0.0000558    -0.0000714    0.0001278    nan    nan
6011    -27.7965000    1.7898900    9.0137400    0.0010803    565.7814331    118.2092438    15.9017782    0.0002343    -0.0000776    -0.0001567    0.0002388    nan    nan
6012    -27.7836000    1.7048200    9.0137400    0.0005837    620.3447876    172.7929840    32.4428787    0.0008265    -0.0002556    -0.0005709    0.0008525    nan    nan
6013    -27.7739000    1.7900400    9.0137400    0.0012485    628.5487671    170.2181854    49.1012077    0.0006359    -0.0001966    -0.0004392    0.0006533    nan    nan
6014    -27.7691000    1.7050000    9.0137400    0.0005508    732.6728516    300.9070129    111.9872437    0.0024106    -0.0006592    -0.0017514    0.0025171    nan    nan
6015    -27.6915000    1.6459100    9.0137200    0.0008165    1314.4718018    877.8367920    644.3422241    0.0076149    -0.0023891    -0.0052258    0.0078818    nan    nan
6016    -27.6973000    1.6634500    9.0137200    0.0007877    1286.1506348    852.9244385    614.9229736    0.0077297    -0.0023560    -0.0053737    0.0080203    nan    nan
6017    -27.7077000    1.6785300    9.0137200    0.0007522    1227.4916992    799.3391113    555.3273315    0.0077791    -0.0022531    -0.0055260    0.0081047    nan    nan
6018    -27.6408000    1.7295900    9.0137100    0.0019995    1003.5368652    514.7819214    443.6748962    0.0005643    -0.0002362    -0.0003282    0.0005696    nan    nan
6019    -27.6195000    1.6953900    9.0137100    0.0019169    1022.6463623    641.6312866    455.5199280    0.0002356    -0.0000608    -0.0001748    0.0002452    nan    nan
6020    -27.6080000    1.6567700    9.0137100    0.0018558    1009.6349487    725.9587402    463.7567749    0.0001290    -0.0000151    -0.0001139    0.0001415    nan    nan
6561    -27.7211000    1.6902900    8.4571700    0.0007315    1140.3497315    720.5626221    468.5616150    0.0075848    -0.0020108    -0.0055740    0.0079654    nan    nan
6562    -27.7363000    1.6990100    8.4571800    0.0007695    1021.4677124    603.2316284    357.6687317    0.0067380    -0.0017289    -0.0050091    0.0071118    nan    nan
6563    -27.7533000    1.7041100    8.4571800    0.0007575    881.0989990    461.2978821    229.7292633    0.0051375    -0.0012851    -0.0038524    0.0054258    nan    nan
6564    -27.7422000    1.7876500    8.4571800    0.0021878    731.4337769    273.6043701    137.0450745    0.0013006    -0.0003967    -0.0009040    0.0013408    nan    nan
6565    -27.7039000    1.7767800    8.4571700    0.0022348    848.9545898    370.2203369    260.2727051    0.0014651    -0.0005172    -0.0009479    0.0014940    nan    nan
6566    -27.6697000    1.7570000    8.4571700    0.0021545    942.5785522    425.6918335    389.7416687    0.0010437    -0.0004686    -0.0005751    0.0010508    nan    nan
6570    -27.6434000    1.9245500    8.4571700    0.0106732    648.0710449    192.4683990    172.8285370    0.0001361    -0.0000587    -0.0000774    0.0001369    nan    nan
6605    -27.7965000    1.7899100    8.4571900    0.0011758    568.8324585    123.8514938    15.4243364    0.0002457    -0.0000794    -0.0001663    0.0002509    nan    nan
6606    -27.7836000    1.7048400    8.4571800    0.0006353    624.2778320    180.2327118    34.1623650    0.0008678    -0.0002611    -0.0006067    0.0008972    nan    nan
6607    -27.7739000    1.7900500    8.4571800    0.0013589    632.0452881    177.0083160    50.3258591    0.0006635    -0.0002007    -0.0004629    0.0006829    nan    nan
6608    -27.7691000    1.7050100    8.4571800    0.0005995    737.1920776    308.3759155    114.5851822    0.0024872    -0.0006639    -0.0018232    0.0026025    nan    nan
6609    -27.6915000    1.6459200    8.4571700    0.0008886    1317.7633057    883.7122192    646.1185913    0.0077484    -0.0023923    -0.0053560    0.0080310    nan    nan
6610    -27.6973000    1.6634500    8.4571700    0.0008574    1289.3341065    858.6335449    616.6470947    0.0078669    -0.0023597    -0.0055073    0.0081740    nan    nan
6611    -27.7077000    1.6785300    8.4571700    0.0008187    1230.7041016    804.9967041    557.1105957    0.0079217    -0.0022571    -0.0056646    0.0082649    nan    nan
6612    -27.6408000    1.7296000    8.4571600    0.0021764    1010.8716431    518.8549194    452.8997803    0.0005749    -0.0002442    -0.0003307    0.0005799    nan    nan
6613    -27.6195000    1.6953900    8.4571600    0.0020864    1031.3616943    646.1920776    465.2273254    0.0002416    -0.0000642    -0.0001774    0.0002509    nan    nan
6614    -27.6080000    1.6567700    8.4571600    0.0020199    1019.5819702    730.5522461    474.1657104    0.0001356    -0.0000175    -0.0001182    0.0001480    nan    nan
7155    -27.7211000    1.6902900    7.8514100    0.0007962    1144.1738281    726.2268677    471.1233826    0.0077211    -0.0020161    -0.0057050    0.0081189    nan    nan
7156    -27.7363000    1.6990300    7.8514100    0.0008376    1024.9442139    608.6183472    359.7970886    0.0068694    -0.0017338    -0.0051357    0.0072609    nan    nan
7157    -27.7533000    1.7041200    7.8514100    0.0008245    884.0161743    466.2736206    231.2529907    0.0052462    -0.0012879    -0.0039583    0.0055496    nan    nan
7158    -27.7422000    1.7876600    7.8514200    0.0023812    735.3980713    280.3032837    138.8929291    0.0013401    -0.0004005    -0.0009396    0.0013836    nan    nan
7159    -27.7039000    1.7767900    7.8514100    0.0024324    853.4384766    377.1598511    262.7168579    0.0014987    -0.0005207    -0.0009780    0.0015298    nan    nan
7160    -27.6697000    1.7570000    7.8514100    0.0023450    947.9296875    432.7705994    393.1974487    0.0010612    -0.0004717    -0.0005895    0.0010688    nan    nan
7164    -27.6434000    1.9245600    7.8514100    0.0116170    653.0867920    197.9951324    175.7924652    0.0001445    -0.0000613    -0.0000832    0.0001455    nan    nan
7199    -27.7965000    1.7899200    7.8514200    0.0012798    571.6167603    128.9471130    14.9742699    0.0002565    -0.0000810    -0.0001756    0.0002624    nan    nan
7200    -27.7836000    1.7048500    7.8514200    0.0006915    626.8994751    186.1274261    34.8552895    0.0009024    -0.0002645    -0.0006379    0.0009351    nan    nan
7201    -27.7739000    1.7900700    7.8514200    0.0014791    635.1396484    183.0823822    51.4110641    0.0006891    -0.0002041    -0.0004849    0.0007103    nan    nan
7202    -27.7691000    1.7050300    7.8514200    0.0006525    739.7340698    313.7783813    115.4177551    0.0025521    -0.0006658    -0.0018863    0.0026758    nan    nan
7203    -27.6915000    1.6459200    7.8514000    0.0009672    1321.3234863    889.3463135    648.3960571    0.0078694    -0.0023969    -0.0054725    0.0081658    nan    nan
7204    -27.6973000    1.6634500    7.8514000    0.0009332    1293.0135498    864.3201904    619.0881958    0.0079924    -0.0023650    -0.0056274    0.0083141    nan    nan
7205    -27.7077000    1.6785400    7.8514100    0.0008911    1234.5159912    810.7338257    559.7082520    0.0080531    -0.0022628    -0.0057903    0.0084121    nan    nan
7206    -27.6408000    1.7296000    7.8514000    0.0023689    1017.4224243    522.5649414    461.1121216    0.0005853    -0.0002518    -0.0003335    0.0005901    nan    nan
7207    -27.6195000    1.6953900    7.8514000    0.0022709    1039.1906738    650.2842407    473.8157959    0.0002476    -0.0000674    -0.0001802    0.0002566    nan    nan
7208    -27.6080000    1.6567700    7.8514000    0.0021986    1028.5064697    734.6439209    483.3839111    0.0001423    -0.0000197    -0.0001225    0.0001546    nan    nan
7749    -27.7211000    1.6903000    7.1920800    0.0008666    1147.0671387    730.8452148    472.8733521    0.0078456    -0.0020204    -0.0058252    0.0082595    nan    nan
7750    -27.7363000    1.6990300    7.1920900    0.0009116    1028.1420898    613.4987183    361.7900696    0.0069907    -0.0017387    -0.0052520    0.0073983    nan    nan
7751    -27.7533000    1.7041400    7.1920900    0.0008974    887.4237061    471.3843384    233.4272308    0.0053493    -0.0012922    -0.0040571    0.0056665    nan    nan
7752    -27.7422000    1.7876700    7.1920900    0.0025918    739.0382690    286.3416748    140.6689301    0.0013771    -0.0004042    -0.0009729    0.0014237    nan    nan
7753    -27.7039000    1.7767900    7.1920900    0.0026475    857.5189209    383.4266968    264.9827576    0.0015303    -0.0005241    -0.0010062    0.0015637    nan    nan
7754    -27.6697000    1.7570100    7.1920800    0.0025523    952.7251587    439.2037659    396.2250671    0.0010779    -0.0004747    -0.0006031    0.0010860    nan    nan
7758    -27.6434000    1.9245600    7.1920900    0.0126442    657.5910645    203.3237000    178.0159760    0.0001525    -0.0000637    -0.0000887    0.0001536    nan    nan
7793    -27.7965000    1.7899400    7.1920900    0.0013929    574.0966797    133.4497528    14.5442553    0.0002666    -0.0000824    -0.0001842    0.0002732    nan    nan
7794    -27.7836000    1.7048700    7.1920900    0.0007526    629.8119507    191.7903748    36.0976295    0.0009364    -0.0002683    -0.0006681    0.0009723    nan    nan
7795    -27.7739000    1.7900800    7.1920900    0.0016099    637.9541016    188.5140991    52.4750977    0.0007129    -0.0002073    -0.0005056    0.0007360    nan    nan
7796    -27.7691000    1.7050400    7.1920900    0.0007102    743.0056152    319.3552551    117.2069092    0.0026154    -0.0006688    -0.0019465    0.0027469    nan    nan
7797    -27.6915000    1.6459200    7.1920800    0.0010527    1324.0563965    893.9979248    649.9658203    0.0079809    -0.0024002    -0.0055807    0.0082906    nan    nan
7798    -27.6973000    1.6634600    7.1920800    0.0010157    1295.6864014    868.8696289    620.6390991    0.0081074    -0.0023688    -0.0057386    0.0084430    nan    nan
7799    -27.7077000    1.6785400    7.1920800    0.0009699    1237.2340088    815.2687988    561.3236694    0.0081730    -0.0022669    -0.0059061    0.0085469    nan    nan
7800    -27.6408000    1.7296000    7.1920800    0.0025784    1023.2694092    525.8626099    468.4695129    0.0005954    -0.0002590    -0.0003364    0.0006001    nan    nan
7801    -27.6195000    1.6953900    7.1920800    0.0024718    1046.2294922    653.9143066    481.4847717    0.0002531    -0.0000704    -0.0001827    0.0002620    nan    nan
7802    -27.6080000    1.6567700    7.1920800    0.0023930    1036.5531006    738.3218384    491.6499329    0.0001485    -0.0000219    -0.0001266    0.0001608    nan    nan
8343    -27.7211000    1.6903100    6.4744600    0.0009432    1149.9578857    735.1668701    474.7663269    0.0079593    -0.0020249    -0.0059344    0.0083878    nan    nan
8344    -27.7363000    1.6990400    6.4744700    0.0009922    1030.8895264    617.6876831    363.4757996    0.0071002    -0.0017428    -0.0053574    0.0075227    nan    nan
8345    -27.7533000    1.7041500    6.4744700    0.0009768    889.8760376    475.4040222    234.7832336    0.0054408    -0.0012950    -0.0041458    0.0057708    nan    nan
8346    -27.7422000    1.7876800    6.4744700    0.0028209    742.2283325    291.6735229    142.2123108    0.0014109    -0.0004074    -0.0010035    0.0014605    nan    nan
8347    -27.7039000    1.7768000    6.4744600    0.0028816    861.0972900    388.9643250    266.9554443    0.0015593    -0.0005271    -0.0010322    0.0015948    nan    nan
8348    -27.6697000    1.7570100    6.4744600    0.0027780    956.9740601    444.9591980    398.8728333    0.0010934    -0.0004775    -0.0006159    0.0011021    nan    nan
8350    -27.7213000    1.9473500    6.4744700    0.0138229    584.9891968    156.8968048    101.9217606    0.0001011    -0.0000374    -0.0000636    0.0001025    nan    nan
8352    -27.6434000    1.9245700    6.4744700    0.0137622    661.6150513    208.2598267    179.7703094    0.0001597    -0.0000659    -0.0000939    0.0001610    nan    nan
8387    -27.7965000    1.7899500    6.4744700    0.0015161    576.3361816    137.4691315    14.1678314    0.0002759    -0.0000837    -0.0001922    0.0002831    nan    nan
8388    -27.7836000    1.7048800    6.4744700    0.0008192    632.0484619    196.5054169    36.8887253    0.0009658    -0.0002710    -0.0006948    0.0010047    nan    nan
8389    -27.7739000    1.7900900    6.4744700    0.0017522    640.4463501    193.3330383    53.4344826    0.0007346    -0.0002100    -0.0005246    0.0007594    nan    nan
8390    -27.7691000    1.7050600    6.4744700    0.0007730    745.2435913    323.7277832    118.1374588    0.0026704    -0.0006705    -0.0019999    0.0028092    nan    nan
8391    -27.6915000    1.6459200    6.4744600    0.0011458    1326.7197266    898.2692871    651.6241455    0.0080814    -0.0024038    -0.0056776    0.0084029    nan    nan
8392    -27.6973000    1.6634600    6.4744600    0.0011055    1298.4245606    873.1685791    622.4075928    0.0082116    -0.0023731    -0.0058386    0.0085596    nan    nan
8393    -27.7077000    1.6785500    6.4744600    0.0010557    1240.0739746    819.6053467    563.2093506    0.0082823    -0.0022714    -0.0060109    0.0086696    nan    nan
8394    -27.6408000    1.7296100    6.4744600    0.0028064    1028.4855957    528.8508911    475.0168762    0.0006050    -0.0002657    -0.0003392    0.0006095    nan    nan
8395    -27.6195000    1.6954000    6.4744600    0.0026903    1052.5338135    657.1607666    488.2814026    0.0002584    -0.0000732    -0.0001852    0.0002671    nan    nan
8396    -27.6080000    1.6567800    6.4744600    0.0026046    1043.7513428    741.6006470    498.9796753    0.0001544    -0.0000240    -0.0001304    0.0001667    nan    nan
8937    -27.7211000    1.6903100    5.6934000    0.0010266    1152.2489014    738.7446289    476.1706848    0.0080612    -0.0020286    -0.0060326    0.0085029    nan    nan
8938    -27.7363000    1.6990500    5.6934000    0.0010800    1033.3549805    621.4077148    365.0006409    0.0071992    -0.0017467    -0.0054525    0.0076352    nan    nan
8939    -27.7533000    1.7041600    5.6934000    0.0010631    892.4089966    479.2424927    236.3571625    0.0055246    -0.0012983    -0.0042263    0.0058660    nan    nan
8940    -27.7422000    1.7876900    5.6934000    0.0030704    745.1042480    296.4085693    143.6551666    0.0014417    -0.0004103    -0.0010314    0.0014940    nan    nan
8941    -27.7039000    1.7768100    5.6934000    0.0031364    864.2850952    393.8851929    268.7293091    0.0015858    -0.0005300    -0.0010558    0.0016233    nan    nan
8942    -27.6697000    1.7570200    5.6933900    0.0030237    960.7274170    450.0698853    401.1961060    0.0011077    -0.0004801    -0.0006276    0.0011168    nan    nan
8944    -27.7213000    1.9473600    5.6934000    0.0150450    587.5331421    160.9035645    102.2492752    0.0001087    -0.0000396    -0.0000691    0.0001103    nan    nan
8946    -27.6434000    1.9245800    5.6934000    0.0149790    665.1765137    212.7069702    181.2030640    0.0001664    -0.0000678    -0.0000986    0.0001678    nan    nan
8981    -27.7965000    1.7899600    5.6934000    0.0016501    578.3289795    140.9989929    13.8646374    0.0002842    -0.0000848    -0.0001994    0.0002920    nan    nan
8982    -27.7836000    1.7049000    5.6934000    0.0008916    634.2153931    200.7644348    37.8286324    0.0009926    -0.0002735    -0.0007191    0.0010342    nan    nan
8983    -27.7739000    1.7901000    5.6934000    0.0019071    642.6818848    197.5854340    54.3519745    0.0007542    -0.0002125    -0.0005417    0.0007805    nan    nan
8984    -27.7691000    1.7050700    5.6934000    0.0008413    747.6362305    327.8787842    119.4016037    0.0027213    -0.0006725    -0.0020488    0.0028667    nan    nan
8985    -27.6914000    1.6459200    5.6933900    0.0012471    1328.8696289    901.8531494    652.8829956    0.0081721    -0.0024068    -0.0057653    0.0085044    nan    nan
8986    -27.6973000    1.6634600    5.6933900    0.0012033    1300.5434570    876.6906128    623.6666870    0.0083052    -0.0023764    -0.0059288    0.0086646    nan    nan
8987    -27.7077000    1.6785500    5.6933900    0.0011490    1242.2424316    823.1284180    564.5291748    0.0083801    -0.0022750    -0.0061051    0.0087796    nan    nan
8988    -27.6408000    1.7296100    5.6933900    0.0030545    1033.0721435    531.4727783    480.7907410    0.0006139    -0.0002719    -0.0003420    0.0006183    nan    nan
8989    -27.6195000    1.6954000    5.6933900    0.0029282    1058.1104736    659.9978638    494.2612915    0.0002633    -0.0000757    -0.0001875    0.0002718    nan    nan
8990    -27.6080000    1.6567800    5.6933900    0.0028350    1050.1347656    744.4910278    505.4508362    0.0001599    -0.0000260    -0.0001339    0.0001722    nan    nan
9531    -27.7211000    1.6903200    4.8432700    0.0011173    1154.3791504    741.9357910    477.5410461    0.0081511    -0.0020320    -0.0061190    0.0086045    nan    nan
9532    -27.7363000    1.6990600    4.8432700    0.0011754    1035.4305420    624.5447388    366.2648926    0.0072862    -0.0017500    -0.0055361    0.0077340    nan    nan
9533    -27.7533000    1.7041700    4.8432700    0.0011571    894.3280640    482.3037720    237.4524536    0.0055971    -0.0013005    -0.0042966    0.0059487    nan    nan
9534    -27.7422000    1.7877000    4.8432700    0.0033418    747.5778198    300.4917603    144.8965149    0.0014689    -0.0004128    -0.0010561    0.0015237    nan    nan
9535    -27.7039000    1.7768100    4.8432700    0.0034137    867.0192871    398.1329651    270.2415161    0.0016093    -0.0005326    -0.0010768    0.0016485    nan    nan
9536    -27.6697000    1.7570200    4.8432700    0.0032910    963.9790039    454.5122681    403.2055969    0.0011205    -0.0004823    -0.0006381    0.0011300    nan    nan
9538    -27.7213000    1.9473700    4.8432800    0.0163752    589.7340698    164.3786774    102.4986267    0.0001154    -0.0000414    -0.0000741    0.0001173    nan    nan
9540    -27.6434000    1.9245800    4.8432700    0.0163034    668.2719116    216.6096649    182.3806305    0.0001722    -0.0000694    -0.0001028    0.0001738    nan    nan
9575    -27.7965000    1.7899700    4.8432800    0.0017960    580.0672607    144.0564880    13.5998993    0.0002916    -0.0000858    -0.0002058    0.0002999    nan    nan
9576    -27.7836000    1.7049100    4.8432800    0.0009704    635.9603882    204.3268585    38.5297585    0.0010156    -0.0002754    -0.0007402    0.0010597    nan    nan
9577    -27.7739000    1.7901100    4.8432800    0.0020758    644.6142578    201.2604065    55.1564484    0.0007714    -0.0002145    -0.0005569    0.0007992    nan    nan
9578    -27.7691000    1.7050800    4.8432800    0.0009157    749.4142456    331.2093201    120.2108612    0.0027650    -0.0006737    -0.0020914    0.0029163    nan    nan
9579    -27.6914000    1.6459200    4.8432700    0.0013574    1330.8229981    905.0057983    654.0776367    0.0082514    -0.0024095    -0.0058419    0.0085932    nan    nan
9580    -27.6973000    1.6634600    4.8432700    0.0013096    1302.5412598    879.8552246    624.9325562    0.0083875    -0.0023797    -0.0060078    0.0087568    nan    nan
9581    -27.7077000    1.6785600    4.8432700    0.0012506    1244.3156738    826.3193970    565.8800049    0.0084664    -0.0022786    -0.0061878    0.0088766    nan    nan
9582    -27.6408000    1.7296100    4.8432700    0.0033246    1037.0577393    533.7745972    485.8008118    0.0006220    -0.0002775    -0.0003445    0.0006263    nan    nan
9583    -27.6195000    1.6954000    4.8432700    0.0031872    1062.9718018    662.4683838    499.4359741    0.0002677    -0.0000780    -0.0001896    0.0002761    nan    nan
9584    -27.6080000    1.6567800    4.8432700    0.0030857    1055.6937256    747.0045166    511.0531616    0.0001648    -0.0000277    -0.0001371    0.0001771    nan    nan
10125    -27.7211000    1.6903200    3.9179900    0.0012161    1156.0621338    744.5203247    478.5840759    0.0082276    -0.0020349    -0.0061927    0.0086911    nan    nan
10126    -27.7363000    1.6990600    3.9179900    0.0012794    1037.2161865    627.2096558    367.3681335    0.0073605    -0.0017529    -0.0056076    0.0078186    nan    nan
10127    -27.7533000    1.7041700    3.9179900    0.0012594    896.1239624    485.0202026    238.5602417    0.0056597    -0.0013028    -0.0043569    0.0060199    nan    nan
10128    -27.7422000    1.7877000    3.9179900    0.0036373    749.6857910    303.9394531    145.9770508    0.0014923    -0.0004149    -0.0010774    0.0015492    nan    nan
10129    -27.7039000    1.7768200    3.9179900    0.0037155    869.3352661    401.7197876    271.5348206    0.0016296    -0.0005348    -0.0010949    0.0016704    nan    nan
10130    -27.6697000    1.7570200    3.9179900    0.0035820    966.7150269    458.2649231    404.8887024    0.0011315    -0.0004843    -0.0006472    0.0011414    nan    nan
10132    -27.7213000    1.9473700    3.9179900    0.0178229    591.5840454    167.3014832    102.6878738    0.0001213    -0.0000429    -0.0000783    0.0001233    nan    nan
10134    -27.6434000    1.9245800    3.9179900    0.0177448    670.8879395    219.9206848    183.3414764    0.0001773    -0.0000708    -0.0001065    0.0001790    nan    nan
10169    -27.7965000    1.7899800    3.9179900    0.0019548    581.5341797    146.6194305    13.3757010    0.0002979    -0.0000866    -0.0002113    0.0003067    nan    nan
10170    -27.7836000    1.7049200    3.9179900    0.0010562    637.5121460    207.3726807    39.2202301    0.0010355    -0.0002770    -0.0007585    0.0010817    nan    nan
10171    -27.7739000    1.7901200    3.9179900    0.0022593    646.2570190    204.3562164    55.8649216    0.0007863    -0.0002163    -0.0005700    0.0008153    nan    nan
10172    -27.7691000    1.7050900    3.9179900    0.0009967    751.0961914    334.1434021    121.0876694    0.0028031    -0.0006749    -0.0021281    0.0029594    nan    nan
10173    -27.6914000    1.6459200    3.9179800    0.0014774    1332.3892822    907.5810547    655.0053711    0.0083192    -0.0024118    -0.0059074    0.0086692    nan    nan
10174    -27.6973000    1.6634600    3.9179900    0.0014254    1304.0947266    882.3967285    625.8703003    0.0084576    -0.0023823    -0.0060753    0.0088355    nan    nan
10175    -27.7077000    1.6785600    3.9179900    0.0013612    1245.9125977    828.8681030    566.8674316    0.0085398    -0.0022814    -0.0062584    0.0089592    nan    nan
10176    -27.6408000    1.7296100    3.9179800    0.0036185    1040.4063721    535.7067871    490.0183716    0.0006290    -0.0002823    -0.0003467    0.0006333    nan    nan
10177    -27.6195000    1.6954000    3.9179800    0.0034690    1067.0717773    664.5360718    503.7841187    0.0002715    -0.0000800    -0.0001915    0.0002798    nan    nan
