7 440 
621    -27.7236000    1.6902600    12.3706000    0.0003131    915.1454468    369.5057983    300.4767761    0.0073784    -0.0033191    -0.0040592    0.0075058    nan    nan
622    -27.7387000    1.6990000    12.3706000    0.0003295    820.6265869    299.6581421    200.4118805    0.0065949    -0.0026888    -0.0039061    0.0067698    nan    nan
623    -27.7558000    1.7040900    12.3707000    0.0003244    708.6654053    209.8720551    92.9625473    0.0050112    -0.0018724    -0.0031388    0.0051787    nan    nan
624    -27.7445000    1.7876900    12.3709000    0.0009371    603.4293823    97.7792892    31.7109146    0.0018074    -0.0007347    -0.0010727    0.0018412    nan    nan
625    -27.7063000    1.7768100    12.3707000    0.0009570    678.8749390    155.5043945    109.5250168    0.0022837    -0.0009909    -0.0012927    0.0023178    nan    nan
626    -27.6721000    1.7570100    12.3707000    0.0009224    733.1709595    237.8536224    147.2710266    0.0021343    -0.0007932    -0.0013410    0.0021837    nan    nan
628    -27.7236000    1.9473800    12.3710000    0.0045925    477.0163269    26.0812397    -25.4155884    0.0001665    -0.0000685    -0.0000980    0.0001681    nan    nan
630    -27.6458000    1.9245900    12.3709000    0.0045716    528.8630981    72.4536896    -3.3708961    0.0002824    -0.0001143    -0.0001681    0.0002856    nan    nan
632    -27.5756000    1.8832800    12.3708000    0.0045446    563.3147583    146.6441345    8.5703888    0.0002618    -0.0000826    -0.0001792    0.0002690    nan    nan
664    -27.8027000    1.7061100    12.3709000    0.0003321    434.7242126    2.9321938    -123.6608276    0.0001500    -0.0000391    -0.0001108    0.0001562    nan    nan
665    -27.7989000    1.7899500    12.3710000    0.0005038    492.1850281    14.5532703    -54.6440353    0.0004290    -0.0001635    -0.0002656    0.0004366    nan    nan
666    -27.7861000    1.7048400    12.3709000    0.0002722    504.8591309    34.4583931    -68.4512405    0.0010613    -0.0003550    -0.0007063    0.0010991    nan    nan
667    -27.7763000    1.7900900    12.3709000    0.0005822    537.9771729    45.9612541    -23.2505932    0.0009727    -0.0003809    -0.0005919    0.0009915    nan    nan
668    -27.7715000    1.7050000    12.3708000    0.0002568    594.2020264    106.3695374    3.0880113    0.0026289    -0.0009547    -0.0016742    0.0027181    nan    nan
669    -27.6940000    1.6459100    12.3704000    0.0003803    1058.2808838    508.4395142    443.5726013    0.0073881    -0.0032835    -0.0041046    0.0074574    nan    nan
670    -27.6998000    1.6634300    12.3704000    0.0003670    1035.8918457    476.6743469    427.2910461    0.0075193    -0.0034998    -0.0040195    0.0075905    nan    nan
671    -27.7102000    1.6785100    12.3705000    0.0003504    988.0080566    424.3768921    383.4074707    0.0076501    -0.0037700    -0.0038801    0.0077374    nan    nan
672    -27.6432000    1.7296000    12.3706000    0.0009316    756.9621582    339.3640747    146.4268188    0.0016573    -0.0003670    -0.0012903    0.0017642    nan    nan
673    -27.6219000    1.6953900    12.3705000    0.0008930    747.6090088    453.1767578    131.5057831    0.0011175    0.0000246    -0.0011421    0.0013246    nan    nan
674    -27.6104000    1.6567700    12.3705000    0.0008645    712.8654785    545.2793579    119.5762863    0.0007774    0.0002483    -0.0010258    0.0010879    nan    nan
675    -27.5184000    1.8252700    12.3707000    0.0045568    566.8414307    233.1742249    8.0232000    0.0001613    -0.0000237    -0.0001376    0.0001750    nan    nan
1215    -27.7236000    1.6903600    12.1113000    0.0003413    1147.8070068    668.8002930    486.6411438    0.0083299    -0.0029066    -0.0054233    0.0085591    nan    nan
1216    -27.7388000    1.6991000    12.1114000    0.0003590    1020.5172730    544.4149170    368.8503113    0.0072213    -0.0025013    -0.0047200    0.0074422    nan    nan
1217    -27.7559000    1.7042100    12.1114000    0.0003534    868.4431763    389.6364441    232.3102722    0.0054730    -0.0019306    -0.0035424    0.0056266    nan    nan
1218    -27.7447000    1.7877700    12.1114000    0.0010205    699.8843994    194.1220093    124.8815460    0.0017331    -0.0007144    -0.0010188    0.0017559    nan    nan
1219    -27.7064000    1.7768900    12.1114000    0.0010424    815.2746582    299.3634338    239.6780701    0.0020595    -0.0008712    -0.0011884    0.0020831    nan    nan
1220    -27.6722000    1.7570800    12.1113000    0.0010049    903.6384277    406.7247620    318.1775208    0.0018733    -0.0006995    -0.0011738    0.0019062    nan    nan
1222    -27.7238000    1.9474700    12.1115000    0.0049998    523.7581177    91.5920258    -2.6387959    0.0001933    -0.0000763    -0.0001170    0.0001954    nan    nan
1224    -27.6459000    1.9246700    12.1114000    0.0049776    594.0447388    158.9019470    37.8730507    0.0003031    -0.0001102    -0.0001929    0.0003081    nan    nan
1226    -27.5757000    1.8833600    12.1113000    0.0049485    641.3424072    246.3129883    64.5517502    0.0002908    -0.0000777    -0.0002132    0.0003023    nan    nan
1257    -27.8208000    1.7913300    12.1115000    0.0005669    481.1401062    23.5092621    -60.9619942    0.0001555    -0.0000620    -0.0000934    0.0001570    nan    nan
1258    -27.8028000    1.7062100    12.1115000    0.0003615    508.7854614    20.4658165    -47.3218193    0.0004386    -0.0001836    -0.0002550    0.0004430    nan    nan
1259    -27.7991000    1.7900400    12.1115000    0.0005485    539.7451172    52.7221832    -18.4495735    0.0005344    -0.0002225    -0.0003118    0.0005394    nan    nan
1260    -27.7862000    1.7049500    12.1115000    0.0002963    595.4817505    78.6106339    36.2655563    0.0013726    -0.0006118    -0.0007608    0.0013856    nan    nan
1261    -27.7765000    1.7901800    12.1115000    0.0006339    600.0237427    102.3228226    36.2486992    0.0010424    -0.0004325    -0.0006099    0.0010541    nan    nan
1262    -27.7716000    1.7051200    12.1114000    0.0002796    715.0636597    216.9813690    115.5365448    0.0029302    -0.0011667    -0.0017636    0.0029788    nan    nan
1263    -27.6940000    1.6459300    12.1113000    0.0004146    1331.0412598    831.5115356    672.0314331    0.0089168    -0.0034867    -0.0054301    0.0090661    nan    nan
1264    -27.6999000    1.6634800    12.1113000    0.0004000    1302.5461426    807.9678345    641.3250732    0.0089853    -0.0034213    -0.0055640    0.0091554    nan    nan
1265    -27.7102000    1.6785900    12.1113000    0.0003820    1242.5124512    754.9946899    579.5625000    0.0089131    -0.0032567    -0.0056564    0.0091128    nan    nan
1266    -27.6433000    1.7296500    12.1113000    0.0010151    954.9031982    523.5314941    346.2838745    0.0014610    -0.0003574    -0.0011037    0.0015332    nan    nan
1267    -27.6220000    1.6954200    12.1113000    0.0009731    966.8214111    640.4458008    346.1908264    0.0010117    -0.0000376    -0.0009740    0.0011529    nan    nan
1268    -27.6105000    1.6567800    12.1112000    0.0009420    952.9551392    718.1239624    340.6413574    0.0007649    0.0001242    -0.0008890    0.0009672    nan    nan
1269    -27.5185000    1.8253400    12.1113000    0.0049621    654.3530273    338.8090515    71.7644882    0.0002030    -0.0000217    -0.0001813    0.0002235    nan    nan
1270    -27.4785000    1.7546800    12.1112000    0.0048870    633.4161987    425.9387207    68.8687057    0.0001219    0.0000149    -0.0001369    0.0001505    nan    nan
1809    -27.7236000    1.6903600    11.8289000    0.0003714    1130.8857422    701.9127197    452.2966614    0.0087943    -0.0025031    -0.0062912    0.0091868    nan    nan
1810    -27.7388000    1.6991200    11.8290000    0.0003907    1017.6681519    586.8537598    347.1033325    0.0078981    -0.0022222    -0.0056760    0.0082736    nan    nan
1811    -27.7559000    1.7042400    11.8290000    0.0003847    885.1425171    448.4247131    227.1167145    0.0062301    -0.0017707    -0.0044594    0.0065089    nan    nan
1812    -27.7447000    1.7877900    11.8290000    0.0011110    746.9212036    257.4689331    153.8470917    0.0020280    -0.0007577    -0.0012703    0.0020630    nan    nan
1813    -27.7065000    1.7768800    11.8290000    0.0011349    857.0870361    352.6457825    269.5757751    0.0021809    -0.0008873    -0.0012936    0.0022073    nan    nan
1814    -27.6723000    1.7570700    11.8289000    0.0010940    945.1795654    421.8670044    379.0854492    0.0017676    -0.0007790    -0.0009886    0.0017823    nan    nan
1816    -27.7238000    1.9474900    11.8290000    0.0054429    568.9165649    109.8434296    40.8307075    0.0002598    -0.0001114    -0.0001484    0.0002615    nan    nan
1818    -27.6459000    1.9246800    11.8290000    0.0054190    647.5086060    185.5420685    95.7004471    0.0003476    -0.0001436    -0.0002040    0.0003508    nan    nan
1820    -27.5758000    1.8833500    11.8289000    0.0053876    701.2042847    277.4250793    132.4421082    0.0002733    -0.0000917    -0.0001815    0.0002790    nan    nan
1851    -27.8208000    1.7913800    11.8291000    0.0006171    525.3622437    32.3026962    -12.2032623    0.0001981    -0.0000881    -0.0001100    0.0001986    nan    nan
1852    -27.8028000    1.7062800    11.8290000    0.0003936    561.5602417    49.8847771    17.1398335    0.0005087    -0.0002318    -0.0002769    0.0005108    nan    nan
1853    -27.7991000    1.7900900    11.8290000    0.0005971    587.3323364    88.6944962    29.3442364    0.0007162    -0.0002967    -0.0004195    0.0007222    nan    nan
1854    -27.7862000    1.7050100    11.8290000    0.0003226    642.9379883    159.3239899    53.6529045    0.0016387    -0.0006184    -0.0010203    0.0016652    nan    nan
1855    -27.7765000    1.7902200    11.8290000    0.0006901    650.8607788    157.6518707    74.7634125    0.0013278    -0.0005118    -0.0008160    0.0013459    nan    nan
1856    -27.7716000    1.7051700    11.8290000    0.0003044    749.5555420    294.0823059    121.5034103    0.0034238    -0.0010932    -0.0023306    0.0035293    nan    nan
1857    -27.6940000    1.6459200    11.8289000    0.0004512    1303.5249023    862.4237671    626.5123901    0.0088310    -0.0028749    -0.0059561    0.0091201    nan    nan
1858    -27.6999000    1.6634800    11.8289000    0.0004353    1276.0888672    838.3226929    597.3145752    0.0090066    -0.0028449    -0.0061617    0.0093242    nan    nan
1859    -27.7103000    1.6785800    11.8289000    0.0004157    1218.6872559    785.2150269    538.5500488    0.0091266    -0.0027510    -0.0063757    0.0094826    nan    nan
1860    -27.6434000    1.7296400    11.8289000    0.0011051    1002.5740967    526.1124268    419.3125305    0.0011733    -0.0004014    -0.0007720    0.0012002    nan    nan
1861    -27.6220000    1.6954100    11.8289000    0.0010594    1024.9554443    651.7003784    418.4093933    0.0006318    -0.0000992    -0.0005326    0.0006828    nan    nan
1862    -27.6106000    1.6567800    11.8289000    0.0010256    1021.1156616    738.9317627    414.6068115    0.0003891    0.0000015    -0.0003907    0.0004524    nan    nan
1863    -27.5186000    1.8253300    11.8289000    0.0054024    716.0390015    373.3377075    145.2086487    0.0001224    -0.0000232    -0.0000992    0.0001302    nan    nan
2403    -27.7237000    1.6903900    11.5215000    0.0004043    1169.0356445    740.4449463    488.0402527    0.0091746    -0.0025554    -0.0066193    0.0095985    nan    nan
2404    -27.7389000    1.6991500    11.5215000    0.0004254    1046.9775391    619.5865479    373.4946899    0.0082395    -0.0022359    -0.0060036    0.0086570    nan    nan
2405    -27.7559000    1.7042800    11.5215000    0.0004187    900.5545654    471.3167114    239.2174835    0.0064574    -0.0017373    -0.0047200    0.0067790    nan    nan
2406    -27.7448000    1.7878200    11.5215000    0.0012093    756.7160645    279.4092407    156.8432465    0.0020395    -0.0007126    -0.0013268    0.0020835    nan    nan
2407    -27.7065000    1.7769000    11.5215000    0.0012353    874.3879395    378.1371460    281.9490051    0.0021714    -0.0008502    -0.0013212    0.0022019    nan    nan
2408    -27.6723000    1.7570800    11.5215000    0.0011909    967.9248657    443.6711121    403.3021545    0.0017306    -0.0007818    -0.0009489    0.0017434    nan    nan
2410    -27.7239000    1.9475100    11.5215000    0.0059247    589.2666626    119.3374252    69.3788223    0.0002713    -0.0001162    -0.0001551    0.0002731    nan    nan
2412    -27.6460000    1.9246900    11.5215000    0.0058988    671.3969727    196.0363159    130.5627899    0.0003412    -0.0001500    -0.0001911    0.0003433    nan    nan
2414    -27.5758000    1.8833600    11.5215000    0.0058647    726.2471313    289.7148743    170.5524139    0.0002474    -0.0000930    -0.0001544    0.0002505    nan    nan
2415    -27.7837000    1.9549900    11.5216000    0.0029373    523.6840210    76.6793442    27.4252110    0.0001033    -0.0000443    -0.0000590    0.0001037    nan    nan
2445    -27.8209000    1.7914200    11.5216000    0.0006717    529.7358398    42.2853165    -3.3270192    0.0001578    -0.0000678    -0.0000900    0.0001583    nan    nan
2446    -27.8029000    1.7063200    11.5216000    0.0004284    552.9563599    57.0736771    0.2500902    0.0003912    -0.0001643    -0.0002269    0.0003941    nan    nan
2447    -27.7991000    1.7901300    11.5216000    0.0006499    591.0158081    102.4244385    26.9431343    0.0006631    -0.0002570    -0.0004061    0.0006707    nan    nan
2448    -27.7863000    1.7050500    11.5215000    0.0003511    635.0918579    166.8132629    39.9538994    0.0015641    -0.0005413    -0.0010227    0.0015996    nan    nan
2449    -27.7765000    1.7902500    11.5216000    0.0007511    655.5048218    174.9341278    71.9039764    0.0013062    -0.0004668    -0.0008395    0.0013297    nan    nan
2450    -27.7717000    1.7052100    11.5215000    0.0003314    750.9406738    307.7803345    118.6571503    0.0034643    -0.0010272    -0.0024371    0.0035941    nan    nan
2451    -27.6940000    1.6459300    11.5215000    0.0004912    1343.5290527    899.8026733    665.1461182    0.0091754    -0.0029716    -0.0062039    0.0094753    nan    nan
2452    -27.6999000    1.6634900    11.5215000    0.0004739    1316.8055420    876.8007812    636.4927979    0.0093663    -0.0029377    -0.0064287    0.0096980    nan    nan
2453    -27.7103000    1.6786000    11.5215000    0.0004526    1259.7274170    824.9192505    577.7039185    0.0095022    -0.0028287    -0.0066735    0.0098795    nan    nan
2454    -27.6434000    1.7296500    11.5215000    0.0012030    1028.9271240    546.4117432    450.0383301    0.0011317    -0.0004063    -0.0007254    0.0011537    nan    nan
2455    -27.6221000    1.6954200    11.5214000    0.0011532    1054.8900147    672.1422729    450.6328735    0.0006144    -0.0001106    -0.0005038    0.0006580    nan    nan
2456    -27.6106000    1.6567800    11.5214000    0.0011165    1055.2293701    755.3464966    448.4761353    0.0003915    -0.0000155    -0.0003760    0.0004453    nan    nan
2997    -27.7237000    1.6904100    11.1868000    0.0004401    1164.9552002    747.3834839    479.8006897    0.0095451    -0.0024885    -0.0070566    0.0100435    nan    nan
2998    -27.7389000    1.6991700    11.1868000    0.0004630    1048.6927490    630.6992188    371.0374451    0.0086195    -0.0021990    -0.0064205    0.0091047    nan    nan
2999    -27.7560000    1.7043100    11.1868000    0.0004558    911.0589600    489.7609863    245.2929688    0.0068237    -0.0017313    -0.0050924    0.0072000    nan    nan
3000    -27.7448000    1.7878400    11.1868000    0.0013163    771.1171875    300.3924866    166.1028900    0.0021368    -0.0007148    -0.0014221    0.0021893    nan    nan
3001    -27.7066000    1.7769200    11.1868000    0.0013446    889.0469360    399.3313904    291.6396790    0.0022310    -0.0008435    -0.0013874    0.0022667    nan    nan
3002    -27.6724000    1.7570900    11.1868000    0.0012963    984.5381470    462.7198181    417.4075928    0.0017514    -0.0007960    -0.0009554    0.0017641    nan    nan
3004    -27.7239000    1.9475400    11.1869000    0.0064489    602.3651733    127.1729660    86.2389221    0.0002895    -0.0001213    -0.0001682    0.0002918    nan    nan
3006    -27.6460000    1.9247100    11.1868000    0.0064208    687.5639038    203.6577911    153.7640839    0.0003478    -0.0001562    -0.0001916    0.0003496    nan    nan
3008    -27.5759000    1.8833700    11.1868000    0.0063838    743.9729004    299.3228149    197.4937286    0.0002463    -0.0000983    -0.0001480    0.0002485    nan    nan
3009    -27.7838000    1.9550100    11.1869000    0.0031971    534.1409912    81.9965439    42.0799522    0.0001158    -0.0000487    -0.0000671    0.0001164    nan    nan
3039    -27.8209000    1.7914500    11.1869000    0.0007311    538.1846313    54.3304939    0.5355231    0.0001690    -0.0000703    -0.0000987    0.0001699    nan    nan
3040    -27.8029000    1.7063600    11.1869000    0.0004663    573.8713989    86.7887115    12.6088629    0.0005007    -0.0001989    -0.0003019    0.0005063    nan    nan
3041    -27.7992000    1.7901600    11.1869000    0.0007074    602.5516357    120.0976944    33.2425461    0.0007150    -0.0002659    -0.0004490    0.0007249    nan    nan
3042    -27.7863000    1.7050900    11.1869000    0.0003822    657.7022705    198.0670776    55.9593124    0.0017512    -0.0005715    -0.0011796    0.0018003    nan    nan
3043    -27.7766000    1.7902800    11.1869000    0.0008176    669.0494995    194.8845520    79.9701004    0.0013924    -0.0004756    -0.0009168    0.0014216    nan    nan
3044    -27.7717000    1.7052500    11.1869000    0.0003607    769.5232544    334.4302368    131.8447571    0.0037288    -0.0010395    -0.0026893    0.0038891    nan    nan
3045    -27.6941000    1.6459300    11.1868000    0.0005346    1338.5107422    908.2431641    655.0639648    0.0095156    -0.0028770    -0.0066386    0.0098859    nan    nan
3046    -27.6999000    1.6635000    11.1868000    0.0005158    1311.0134277    884.1010742    626.0308228    0.0097178    -0.0028483    -0.0068696    0.0101222    nan    nan
3047    -27.7103000    1.6786200    11.1868000    0.0004926    1253.8558350    831.2504883    567.3909912    0.0098593    -0.0027444    -0.0071149    0.0103114    nan    nan
3048    -27.6435000    1.7296500    11.1868000    0.0013095    1049.5898438    556.7922974    477.3832397    0.0011216    -0.0004298    -0.0006919    0.0011390    nan    nan
3049    -27.6221000    1.6954200    11.1868000    0.0012553    1082.1722412    684.8826904    481.6986084    0.0005965    -0.0001260    -0.0004705    0.0006317    nan    nan
3050    -27.6107000    1.6567800    11.1868000    0.0012153    1086.9007568    769.2138062    481.2518311    0.0003746    -0.0000325    -0.0003420    0.0004168    nan    nan
3591    -27.7237000    1.6904200    10.8225000    0.0004790    1180.6469727    764.9291992    493.5201416    0.0098443    -0.0025004    -0.0073440    0.0103794    nan    nan
3592    -27.7389000    1.6992000    10.8225000    0.0005039    1060.8601074    645.5308838    380.9340820    0.0089097    -0.0022003    -0.0067094    0.0094357    nan    nan
3593    -27.7560000    1.7043400    10.8225000    0.0004961    917.2220459    500.1567078    248.8400574    0.0070598    -0.0017157    -0.0053441    0.0074751    nan    nan
3594    -27.7448000    1.7878600    10.8225000    0.0014327    779.1021118    314.7546692    169.9037476    0.0022067    -0.0007064    -0.0015003    0.0022680    nan    nan
3595    -27.7066000    1.7769300    10.8225000    0.0014636    899.7200928    414.9444885    298.6691589    0.0022831    -0.0008366    -0.0014465    0.0023242    nan    nan
3596    -27.6724000    1.7571000    10.8225000    0.0014110    997.5494995    478.0366821    427.9338684    0.0017794    -0.0008038    -0.0009756    0.0017927    nan    nan
3598    -27.7239000    1.9475600    10.8226000    0.0070194    613.2241211    136.0121307    97.1570053    0.0003063    -0.0001246    -0.0001818    0.0003093    nan    nan
3600    -27.6460000    1.9247200    10.8225000    0.0069890    700.8002930    210.1330109    171.9512329    0.0003592    -0.0001613    -0.0001979    0.0003612    nan    nan
3602    -27.5759000    1.8833700    10.8225000    0.0069487    758.6045532    306.4046936    218.8681335    0.0002499    -0.0001045    -0.0001454    0.0002516    nan    nan
3603    -27.7838000    1.9550400    10.8226000    0.0034799    542.9591675    88.9404602    51.3852844    0.0001291    -0.0000525    -0.0000766    0.0001299    nan    nan
3633    -27.8209000    1.7914900    10.8226000    0.0007958    543.7681274    66.0301514    0.5946173    0.0001720    -0.0000685    -0.0001035    0.0001733    nan    nan
3634    -27.8029000    1.7064000    10.8226000    0.0005075    572.5408936    96.0541229    4.8700581    0.0005048    -0.0001872    -0.0003175    0.0005126    nan    nan
3635    -27.7992000    1.7901900    10.8226000    0.0007699    608.0817261    133.1606445    33.5203362    0.0007415    -0.0002628    -0.0004787    0.0007541    nan    nan
3636    -27.7863000    1.7051300    10.8226000    0.0004160    654.7926636    204.9322968    48.3157539    0.0018000    -0.0005493    -0.0012508    0.0018605    nan    nan
3637    -27.7766000    1.7903100    10.8226000    0.0008899    675.4439087    208.6764984    81.3109207    0.0014471    -0.0004704    -0.0009767    0.0014825    nan    nan
3638    -27.7717000    1.7052800    10.8226000    0.0003926    769.7866211    341.9779968    128.6582489    0.0038534    -0.0010133    -0.0028400    0.0040382    nan    nan
3639    -27.6941000    1.6459300    10.8225000    0.0005819    1352.9489746    924.7137451    667.7554321    0.0097606    -0.0028920    -0.0068686    0.0101567    nan    nan
3640    -27.6999000    1.6635000    10.8225000    0.0005615    1326.1866455    901.2076416    639.5394897    0.0099801    -0.0028667    -0.0071133    0.0104122    nan    nan
3641    -27.7103000    1.6786300    10.8225000    0.0005362    1270.0240478    849.1567383    581.7761230    0.0101422    -0.0027612    -0.0073809    0.0106261    nan    nan
3642    -27.6435000    1.7296600    10.8225000    0.0014253    1064.7714844    565.4722900    496.7701111    0.0011275    -0.0004484    -0.0006792    0.0011427    nan    nan
3643    -27.6222000    1.6954300    10.8225000    0.0013664    1100.4445801    693.5621948    502.4366150    0.0005990    -0.0001376    -0.0004613    0.0006303    nan    nan
3644    -27.6107000    1.6567800    10.8225000    0.0013229    1107.4335938    776.7232056    502.7245789    0.0003786    -0.0000436    -0.0003350    0.0004160    nan    nan
4185    -27.7237000    1.6904400    10.4260000    0.0005214    1181.4401856    770.5681763    492.0057678    0.0101278    -0.0024806    -0.0076472    0.0107112    nan    nan
4186    -27.7389000    1.6992200    10.4260000    0.0005485    1064.2987060    653.3319092    381.9994812    0.0091910    -0.0021915    -0.0069995    0.0097630    nan    nan
4187    -27.7560000    1.7043700    10.4260000    0.0005399    924.7700195    511.5386658    253.9059906    0.0073140    -0.0017163    -0.0055977    0.0077677    nan    nan
4188    -27.7448000    1.7878800    10.4260000    0.0015595    787.4609375    327.8830261    174.8524933    0.0022829    -0.0007061    -0.0015768    0.0023522    nan    nan
4189    -27.7066000    1.7769500    10.4260000    0.0015930    909.0758057    428.8531799    304.6302185    0.0023402    -0.0008343    -0.0015059    0.0023865    nan    nan
4190    -27.6724000    1.7571100    10.4260000    0.0015358    1008.4565430    492.3915710    435.5003357    0.0018113    -0.0008072    -0.0010041    0.0018257    nan    nan
4192    -27.7239000    1.9475800    10.4260000    0.0076402    621.8772583    145.0321503    103.6647034    0.0003228    -0.0001274    -0.0001953    0.0003264    nan    nan
4194    -27.6460000    1.9247300    10.4260000    0.0076072    711.5122070    216.0747375    185.8192139    0.0003723    -0.0001653    -0.0002069    0.0003745    nan    nan
4196    -27.5759000    1.8833800    10.4260000    0.0075635    770.6345825    312.0844727    236.1896210    0.0002549    -0.0001105    -0.0001444    0.0002563    nan    nan
4197    -27.7838000    1.9550600    10.4261000    0.0037876    549.6886597    96.5154495    56.2834969    0.0001420    -0.0000559    -0.0000861    0.0001431    nan    nan
4227    -27.8209000    1.7915200    10.4260000    0.0008661    548.6632080    75.5611725    0.4625923    0.0001812    -0.0000697    -0.0001114    0.0001828    nan    nan
4228    -27.8030000    1.7064300    10.4260000    0.0005524    582.8104858    112.3953934    10.4488325    0.0005658    -0.0002013    -0.0003645    0.0005765    nan    nan
4229    -27.7992000    1.7902200    10.4260000    0.0008380    614.3446655    144.8401184    35.8153534    0.0007801    -0.0002668    -0.0005134    0.0007953    nan    nan
4230    -27.7863000    1.7051600    10.4260000    0.0004528    666.8363647    222.1738739    56.8808632    0.0019142    -0.0005609    -0.0013533    0.0019859    nan    nan
4231    -27.7766000    1.7903400    10.4260000    0.0009686    682.8363647    221.2292480    84.8516541    0.0015118    -0.0004736    -0.0010382    0.0015529    nan    nan
4232    -27.7718000    1.7053100    10.4260000    0.0004273    780.6945190    357.2291260    136.7002411    0.0040254    -0.0010179    -0.0030075    0.0042328    nan    nan
4233    -27.6941000    1.6459400    10.4260000    0.0006334    1354.0039062    931.3798218    666.2987061    0.0100231    -0.0028661    -0.0071570    0.0104622    nan    nan
4234    -27.7000000    1.6635100    10.4260000    0.0006111    1326.6903076    907.2262573    637.6666870    0.0102509    -0.0028424    -0.0074085    0.0107278    nan    nan
4235    -27.7104000    1.6786400    10.4260000    0.0005836    1270.2186279    854.5899658    579.6272583    0.0104196    -0.0027371    -0.0076824    0.0109507    nan    nan
4236    -27.6435000    1.7296700    10.4260000    0.0015514    1078.0948486    572.6446533    514.2075806    0.0011384    -0.0004681    -0.0006703    0.0011519    nan    nan
4237    -27.6222000    1.6954300    10.4260000    0.0014873    1117.3486328    701.9743042    521.7648315    0.0006038    -0.0001488    -0.0004549    0.0006320    nan    nan
4238    -27.6107000    1.6567900    10.4260000    0.0014400    1126.8364258    785.4252930    523.6680298    0.0003860    -0.0000532    -0.0003328    0.0004202    nan    nan
4779    -27.7237000    1.6904500    9.9944100    0.0005675    1189.8951416    780.9270630    498.8527527    0.0103786    -0.0024845    -0.0078941    0.0109965    nan    nan
4780    -27.7389000    1.6992400    9.9944200    0.0005970    1071.1287842    662.3767700    387.0711060    0.0094335    -0.0021919    -0.0072415    0.0100416    nan    nan
4781    -27.7560000    1.7043900    9.9944300    0.0005877    928.7850952    518.4559326    255.9621429    0.0075165    -0.0017086    -0.0058079    0.0080033    nan    nan
4782    -27.7448000    1.7879000    9.9944300    0.0016974    793.5929565    338.3958740    178.0786896    0.0023482    -0.0007030    -0.0016452    0.0024253    nan    nan
4783    -27.7066000    1.7769600    9.9944200    0.0017339    916.7164307    440.3149414    309.4543762    0.0023932    -0.0008322    -0.0015610    0.0024447    nan    nan
4784    -27.6724000    1.7571200    9.9944000    0.0016717    1017.6678467    504.5494995    441.8143616    0.0018449    -0.0008105    -0.0010344    0.0018606    nan    nan
4786    -27.7239000    1.9475900    9.9944400    0.0083160    629.3288574    154.0441895    107.7793045    0.0003380    -0.0001297    -0.0002082    0.0003424    nan    nan
4788    -27.6460000    1.9247500    9.9944100    0.0082801    720.6844482    222.4575500    196.2370300    0.0003861    -0.0001689    -0.0002172    0.0003887    nan    nan
4790    -27.5759000    1.8833900    9.9944000    0.0082325    781.0479126    316.8481140    250.7758026    0.0002611    -0.0001165    -0.0001446    0.0002623    nan    nan
4791    -27.7838000    1.9550900    9.9944500    0.0041226    555.4885254    104.4681091    58.9232712    0.0001547    -0.0000589    -0.0000959    0.0001563    nan    nan
4821    -27.8209000    1.7915500    9.9944500    0.0009427    552.9261475    84.5243378    -0.1756757    0.0001891    -0.0000703    -0.0001188    0.0001912    nan    nan
4822    -27.8030000    1.7064600    9.9944400    0.0006013    584.2643433    120.8664322    7.7752919    0.0005914    -0.0002003    -0.0003911    0.0006048    nan    nan
4823    -27.7992000    1.7902500    9.9944500    0.0009122    618.9260864    154.8504028    36.7523880    0.0008119    -0.0002678    -0.0005441    0.0008297    nan    nan
4824    -27.7863000    1.7051900    9.9944400    0.0004929    667.0606689    228.7100677    53.9803047    0.0019774    -0.0005523    -0.0014251    0.0020597    nan    nan
4825    -27.7766000    1.7903600    9.9944400    0.0010543    688.0869751    231.5951080    86.6293182    0.0015668    -0.0004733    -0.0010935    0.0016138    nan    nan
4826    -27.7718000    1.7053400    9.9944300    0.0004651    782.1048584    363.3192749    135.6917419    0.0041440    -0.0010047    -0.0031393    0.0043725    nan    nan
4827    -27.6941000    1.6459400    9.9944000    0.0006894    1361.1313477    940.8641357    671.8776855    0.0102380    -0.0028689    -0.0073691    0.0107045    nan    nan
4828    -27.7000000    1.6635100    9.9944000    0.0006652    1334.3656006    917.1308594    643.8477783    0.0104776    -0.0028476    -0.0076301    0.0109836    nan    nan
4829    -27.7104000    1.6786500    9.9944000    0.0006352    1278.6352539    865.0158691    586.5166626    0.0106607    -0.0027426    -0.0079181    0.0112235    nan    nan
4830    -27.6435000    1.7296700    9.9943900    0.0016887    1089.0804443    578.6524658    528.4739990    0.0011551    -0.0004871    -0.0006679    0.0011675    nan    nan
4831    -27.6222000    1.6954300    9.9943900    0.0016189    1130.6555176    708.2710571    537.0793457    0.0006144    -0.0001594    -0.0004550    0.0006406    nan    nan
4832    -27.6107000    1.6567900    9.9943800    0.0015674    1141.9301758    791.3075562    540.0585327    0.0003978    -0.0000616    -0.0003362    0.0004302    nan    nan
5373    -27.7237000    1.6904700    9.5246500    0.0006177    1191.9986572    785.7958984    499.3497925    0.0106100    -0.0024771    -0.0081329    0.0112649    nan    nan
5374    -27.7389000    1.6992600    9.5246600    0.0006498    1074.5517578    668.3882446    388.8313293    0.0096601    -0.0021893    -0.0074708    0.0103041    nan    nan
5375    -27.7560000    1.7044100    9.5246600    0.0006397    934.2449341    526.3134766    259.6707459    0.0077160    -0.0017088    -0.0060072    0.0082336    nan    nan
5376    -27.7449000    1.7879200    9.5246600    0.0018475    799.4921265    347.9069214    181.5064087    0.0024119    -0.0007023    -0.0017096    0.0024963    nan    nan
5377    -27.7066000    1.7769700    9.5246500    0.0018873    923.6367798    450.7017212    313.8118896    0.0024460    -0.0008318    -0.0016143    0.0025025    nan    nan
5378    -27.6724000    1.7571300    9.5246400    0.0018195    1025.7441406    515.6708984    447.0150757    0.0018783    -0.0008130    -0.0010654    0.0018954    nan    nan
5380    -27.7240000    1.9476100    9.5246700    0.0090514    635.7326050    162.4892273    110.4712982    0.0003523    -0.0001318    -0.0002205    0.0003575    nan    nan
5382    -27.6460000    1.9247600    9.5246500    0.0090124    728.6498413    229.5069733    203.6806183    0.0004002    -0.0001722    -0.0002280    0.0004032    nan    nan
5384    -27.5759000    1.8833900    9.5246400    0.0089607    790.1879883    320.9726562    263.3422852    0.0002676    -0.0001223    -0.0001453    0.0002686    nan    nan
5385    -27.7838000    1.9551100    9.5246800    0.0044871    560.3628540    112.0186462    60.2230034    0.0001672    -0.0000616    -0.0001056    0.0001692    nan    nan
5415    -27.8210000    1.7915700    9.5246800    0.0010261    556.5944214    92.0990067    -0.8663512    0.0001981    -0.0000715    -0.0001266    0.0002007    nan    nan
5416    -27.8030000    1.7064900    9.5246800    0.0006544    590.1669922    131.6390686    10.4139214    0.0006351    -0.0002075    -0.0004275    0.0006514    nan    nan
5417    -27.7992000    1.7902700    9.5246800    0.0009928    623.3704224    163.7025909    38.2286949    0.0008446    -0.0002703    -0.0005743    0.0008651    nan    nan
5418    -27.7863000    1.7052200    9.5246700    0.0005365    674.1303711    239.8118439    58.5889130    0.0020628    -0.0005571    -0.0015057    0.0021552    nan    nan
5419    -27.7766000    1.7903800    9.5246700    0.0011475    693.2589722    240.9409332    88.8764267    0.0016229    -0.0004755    -0.0011474    0.0016755    nan    nan
5420    -27.7718000    1.7053700    9.5246700    0.0005062    788.9451294    373.3166504    140.4901733    0.0042772    -0.0010054    -0.0032718    0.0045249    nan    nan
5421    -27.6941000    1.6459400    9.5246400    0.0007504    1363.4951172    946.4185791    672.5956421    0.0104503    -0.0028601    -0.0075902    0.0109487    nan    nan
5422    -27.7000000    1.6635200    9.5246400    0.0007240    1336.4093018    922.3015747    644.3035278    0.0106971    -0.0028396    -0.0078576    0.0112364    nan    nan
5423    -27.7104000    1.6786600    9.5246400    0.0006913    1280.4741211    869.8345337    586.7673340    0.0108876    -0.0027343    -0.0081533    0.0114859    nan    nan
5424    -27.6435000    1.7296800    9.5246300    0.0018381    1098.8901367    583.9038696    541.3842773    0.0011724    -0.0005057    -0.0006667    0.0011840    nan    nan
5425    -27.6222000    1.6954400    9.5246300    0.0017621    1142.8238525    714.2359619    551.1506958    0.0006251    -0.0001694    -0.0004557    0.0006496    nan    nan
5426    -27.6107000    1.6567900    9.5246300    0.0017061    1155.9840088    797.3655396    555.2246094    0.0004090    -0.0000693    -0.0003397    0.0004397    nan    nan
5967    -27.7237000    1.6904800    9.0133400    0.0006723    1197.3454590    792.7197266    503.4023743    0.0108212    -0.0024787    -0.0083426    0.0115066    nan    nan
5968    -27.7389000    1.6992700    9.0133500    0.0007072    1079.1033935    674.6544800    392.0090027    0.0098634    -0.0021896    -0.0076738    0.0105386    nan    nan
5969    -27.7560000    1.7044400    9.0133600    0.0006962    937.4366455    531.5439453    261.3654785    0.0078870    -0.0017045    -0.0061825    0.0084323    nan    nan
5970    -27.7449000    1.7879400    9.0133600    0.0020109    804.3250122    356.0027466    184.1964569    0.0024684    -0.0007005    -0.0017679    0.0025598    nan    nan
5971    -27.7066000    1.7769800    9.0133500    0.0020542    929.5808716    459.6818237    317.5344543    0.0024950    -0.0008313    -0.0016637    0.0025564    nan    nan
5972    -27.6724000    1.7571300    9.0133400    0.0019804    1032.8306885    525.4419556    451.5753479    0.0019109    -0.0008155    -0.0010954    0.0019295    nan    nan
5974    -27.7240000    1.9476200    9.0133600    0.0098518    641.4133911    170.2850800    112.4108276    0.0003656    -0.0001336    -0.0002320    0.0003715    nan    nan
5976    -27.6460000    1.9247700    9.0133500    0.0098095    735.6704712    236.9638672    208.9310608    0.0004142    -0.0001753    -0.0002388    0.0004176    nan    nan
5978    -27.5759000    1.8834000    9.0133300    0.0097532    798.3035889    324.5824280    274.3044434    0.0002742    -0.0001279    -0.0001463    0.0002751    nan    nan
5979    -27.7838000    1.9551300    9.0133700    0.0048839    564.7208252    119.0668335    60.9647331    0.0001787    -0.0000639    -0.0001147    0.0001812    nan    nan
6009    -27.8210000    1.7916000    9.0133700    0.0011168    559.9768066    99.1253815    -1.4885154    0.0002069    -0.0000725    -0.0001343    0.0002100    nan    nan
6010    -27.8030000    1.7065200    9.0133700    0.0007123    592.4531860    138.9781189    9.7966900    0.0006652    -0.0002093    -0.0004559    0.0006845    nan    nan
6011    -27.7992000    1.7902900    9.0133700    0.0010806    627.0855103    171.6539459    39.1540947    0.0008769    -0.0002725    -0.0006044    0.0009001    nan    nan
6012    -27.7863000    1.7052500    9.0133600    0.0005839    675.6934204    245.8032532    57.9036675    0.0021255    -0.0005536    -0.0015719    0.0022276    nan    nan
6013    -27.7766000    1.7904000    9.0133600    0.0012490    697.4199219    248.9992828    90.4545288    0.0016733    -0.0004763    -0.0011970    0.0017312    nan    nan
6014    -27.7718000    1.7053900    9.0133600    0.0005510    790.9376831    378.6387024    140.6448975    0.0043854    -0.0009983    -0.0033870    0.0046515    nan    nan
6015    -27.6941000    1.6459400    9.0133300    0.0008167    1367.8168945    952.7367554    675.6578369    0.0106347    -0.0028603    -0.0077744    0.0111582    nan    nan
6016    -27.7000000    1.6635300    9.0133400    0.0007880    1341.1016846    928.8865356    647.7690430    0.0108907    -0.0028414    -0.0080493    0.0114564    nan    nan
6017    -27.7104000    1.6786700    9.0133400    0.0007525    1285.6674805    876.7446289    590.7185669    0.0110922    -0.0027366    -0.0083556    0.0117190    nan    nan
6018    -27.6435000    1.7296800    9.0133300    0.0020006    1107.4359131    588.5358887    552.5932007    0.0011913    -0.0005234    -0.0006678    0.0012023    nan    nan
6019    -27.6222000    1.6954400    9.0133300    0.0019180    1153.1649170    719.1890869    563.1773071    0.0006375    -0.0001789    -0.0004586    0.0006607    nan    nan
6020    -27.6107000    1.6567900    9.0133300    0.0018570    1167.8872070    802.1586914    568.0083008    0.0004208    -0.0000764    -0.0003444    0.0004504    nan    nan
6561    -27.7237000    1.6904900    8.4568200    0.0007317    1199.6437988    796.8363037    504.4786682    0.0110144    -0.0024757    -0.0085387    0.0117298    nan    nan
6562    -27.7389000    1.6992900    8.4568300    0.0007698    1082.1048584    679.3984375    393.7454834    0.0100511    -0.0021890    -0.0078621    0.0107558    nan    nan
6563    -27.7560000    1.7044500    8.4568300    0.0007578    941.4877319    537.2970581    264.0651550    0.0080512    -0.0017044    -0.0063468    0.0086221    nan    nan
6564    -27.7449000    1.7879500    8.4568300    0.0021887    808.8283081    363.3114624    186.8319397    0.0025217    -0.0006995    -0.0018222    0.0026196    nan    nan
6565    -27.7066000    1.7769900    8.4568300    0.0022359    934.9667358    467.7984924    320.9228516    0.0025419    -0.0008314    -0.0017105    0.0026079    nan    nan
6566    -27.6724000    1.7571400    8.4568200    0.0021556    1039.1164551    534.2900391    455.5059814    0.0019422    -0.0008178    -0.0011243    0.0019623    nan    nan
6568    -27.7240000    1.9476400    8.4568400    0.0107229    646.4619751    177.3572693    113.8785553    0.0003779    -0.0001352    -0.0002427    0.0003846    nan    nan
6570    -27.6460000    1.9247800    8.4568300    0.0106770    741.9110718    244.3559723    212.7801056    0.0004277    -0.0001783    -0.0002494    0.0004316    nan    nan
6572    -27.5759000    1.8834100    8.4568100    0.0106158    805.5747681    327.7936096    283.9865112    0.0002806    -0.0001331    -0.0001476    0.0002815    nan    nan
6573    -27.7838000    1.9551400    8.4568500    0.0053157    568.6107788    125.4896622    61.3982086    0.0001890    -0.0000659    -0.0001232    0.0001920    nan    nan
6603    -27.8210000    1.7916200    8.4568500    0.0012156    563.0574341    105.3589401    -1.9201854    0.0002159    -0.0000738    -0.0001421    0.0002195    nan    nan
6604    -27.8030000    1.7065400    8.4568400    0.0007753    596.3131104    146.8207550    11.2200241    0.0007010    -0.0002139    -0.0004871    0.0007232    nan    nan
6605    -27.7992000    1.7903100    8.4568400    0.0011761    630.5720215    178.9026489    40.1003571    0.0009116    -0.0002758    -0.0006358    0.0009376    nan    nan
6606    -27.7863000    1.7052700    8.4568400    0.0006355    680.2507324    253.6005096    60.5693474    0.0021953    -0.0005555    -0.0016397    0.0023065    nan    nan
6607    -27.7766000    1.7904200    8.4568400    0.0013594    701.2381592    256.1349487    92.0712128    0.0017207    -0.0004775    -0.0012432    0.0017838    nan    nan
6608    -27.7718000    1.7054100    8.4568400    0.0005997    795.5677490    385.6819763    143.6852875    0.0044957    -0.0009973    -0.0034984    0.0047786    nan    nan
6609    -27.6941000    1.6459400    8.4568200    0.0008889    1370.2171631    957.2630005    676.8435059    0.0108111    -0.0028571    -0.0079541    0.0113603    nan    nan
6610    -27.7000000    1.6635300    8.4568200    0.0008577    1343.3284912    933.1898193    648.8122559    0.0110733    -0.0028388    -0.0082346    0.0116659    nan    nan
6611    -27.7104000    1.6786700    8.4568200    0.0008190    1287.8054199    880.8512573    591.6655884    0.0112817    -0.0027337    -0.0085480    0.0119372    nan    nan
6612    -27.6436000    1.7296900    8.4568100    0.0021776    1115.0690918    592.6022339    562.7125244    0.0012098    -0.0005404    -0.0006693    0.0012204    nan    nan
6613    -27.6222000    1.6954400    8.4568100    0.0020877    1162.5285644    723.7158203    574.1274414    0.0006496    -0.0001879    -0.0004617    0.0006718    nan    nan
6614    -27.6107000    1.6567900    8.4568100    0.0020212    1178.7753906    806.7363892    579.6812134    0.0004320    -0.0000831    -0.0003489    0.0004606    nan    nan
7155    -27.7237000    1.6905000    7.8510900    0.0007964    1203.3480225    801.7890015    507.1367493    0.0111921    -0.0024765    -0.0087156    0.0119338    nan    nan
7156    -27.7389000    1.6993000    7.8511000    0.0008378    1085.4134522    684.0191650    395.9573669    0.0102220    -0.0021895    -0.0080325    0.0109531    nan    nan
7157    -27.7560000    1.7044700    7.8511000    0.0008248    944.1339722    541.4520264    265.5189819    0.0081965    -0.0017021    -0.0064943    0.0087909    nan    nan
7158    -27.7449000    1.7879600    7.8511000    0.0023822    812.7078857    369.7166443    189.0605316    0.0025702    -0.0006983    -0.0018719    0.0026742    nan    nan
7159    -27.7066000    1.7770000    7.8510900    0.0024336    939.7081909    474.9614258    323.9055481    0.0025853    -0.0008315    -0.0017538    0.0026557    nan    nan
7160    -27.6724000    1.7571500    7.8510900    0.0023462    1044.7366943    542.1937256    459.0424500    0.0019719    -0.0008202    -0.0011517    0.0019936    nan    nan
7162    -27.7240000    1.9476500    7.8511000    0.0116711    650.9799194    183.7567139    115.0416870    0.0003893    -0.0001365    -0.0002528    0.0003967    nan    nan
7164    -27.6460000    1.9247900    7.8510900    0.0116211    747.4813843    251.3678894    215.7618561    0.0004407    -0.0001811    -0.0002596    0.0004451    nan    nan
7166    -27.5759000    1.8834100    7.8510900    0.0115546    812.0972290    330.6584167    292.5613403    0.0002869    -0.0001379    -0.0001490    0.0002878    nan    nan
7167    -27.7838000    1.9551600    7.8511100    0.0057857    572.0811768    131.3179932    61.6257935    0.0001988    -0.0000676    -0.0001312    0.0002023    nan    nan
7197    -27.8210000    1.7916400    7.8511100    0.0013230    565.8196411    111.0685654    -2.3234932    0.0002253    -0.0000751    -0.0001501    0.0002295    nan    nan
7198    -27.8030000    1.7065600    7.8511100    0.0008438    598.6066284    152.9352417    11.3669510    0.0007302    -0.0002161    -0.0005141    0.0007553    nan    nan
7199    -27.7992000    1.7903300    7.8511100    0.0012801    633.6085815    185.3812103    40.8684883    0.0009441    -0.0002786    -0.0006655    0.0009729    nan    nan
7200    -27.7863000    1.7052900    7.8511100    0.0006917    682.1773071    258.7755127    60.7943230    0.0022526    -0.0005539    -0.0016987    0.0023725    nan    nan
7201    -27.7766000    1.7904400    7.8511100    0.0014796    704.5344849    262.4517822    93.4110718    0.0017643    -0.0004781    -0.0012861    0.0018323    nan    nan
7202    -27.7718000    1.7054300    7.8511000    0.0006527    797.6849365    390.1948242    144.3729553    0.0045901    -0.0009927    -0.0035974    0.0048889    nan    nan
7203    -27.6941000    1.6459400    7.8510900    0.0009675    1373.1864014    961.8256226    678.7988892    0.0109685    -0.0028569    -0.0081115    0.0115396    nan    nan
7204    -27.6999000    1.6635300    7.8510900    0.0009335    1346.5456543    937.9191895    651.0335693    0.0112379    -0.0028398    -0.0083981    0.0118535    nan    nan
7205    -27.7103000    1.6786800    7.8510900    0.0008914    1291.3531494    885.7772827    594.2077026    0.0114547    -0.0027351    -0.0087196    0.0121350    nan    nan
7206    -27.6436000    1.7296900    7.8510800    0.0023702    1121.8792725    596.2814941    571.7185669    0.0012283    -0.0005565    -0.0006718    0.0012386    nan    nan
7207    -27.6222000    1.6954400    7.8510800    0.0022723    1170.7515869    727.6707764    583.7811890    0.0006620    -0.0001965    -0.0004655    0.0006833    nan    nan
7208    -27.6107000    1.6567900    7.8510800    0.0022000    1188.3208008    810.6300049    589.8813477    0.0004430    -0.0000892    -0.0003537    0.0004708    nan    nan
7749    -27.7237000    1.6905100    7.1918000    0.0008668    1205.4694824    805.1917114    508.2982483    0.0113535    -0.0024753    -0.0088782    0.0121201    nan    nan
7750    -27.7389000    1.6993100    7.1918000    0.0009119    1087.9273682    687.7773438    397.4807739    0.0103779    -0.0021896    -0.0081883    0.0111336    nan    nan
7751    -27.7560000    1.7044900    7.1918100    0.0008977    947.2008057    545.7849731    267.5208130    0.0083324    -0.0017020    -0.0066304    0.0089483    nan    nan
7752    -27.7449000    1.7879800    7.1918100    0.0025929    816.2693481    375.4832764    191.1704407    0.0026154    -0.0006975    -0.0019179    0.0027251    nan    nan
7753    -27.7066000    1.7770100    7.1918000    0.0026488    943.9909058    481.4154358    326.6106262    0.0026261    -0.0008318    -0.0017943    0.0027007    nan    nan
7754    -27.6724000    1.7571500    7.1918000    0.0025537    1049.7224121    549.2954712    462.1259460    0.0019999    -0.0008224    -0.0011775    0.0020231    nan    nan
7756    -27.7239000    1.9476600    7.1918100    0.0127031    655.0216675    189.4995575    115.9968872    0.0003997    -0.0001377    -0.0002621    0.0004079    nan    nan
7758    -27.6460000    1.9247900    7.1918000    0.0126488    752.4631958    257.8473206    218.1912537    0.0004529    -0.0001837    -0.0002693    0.0004578    nan    nan
7760    -27.5759000    1.8834200    7.1917900    0.0125764    817.9596558    333.2275085    300.1843567    0.0002928    -0.0001421    -0.0001507    0.0002937    nan    nan
7761    -27.7838000    1.9551800    7.1918200    0.0062973    575.1821289    136.5534973    61.7483368    0.0002077    -0.0000690    -0.0001387    0.0002117    nan    nan
7791    -27.8209000    1.7916600    7.1918200    0.0014400    568.2518311    116.2702637    -2.5748026    0.0002361    -0.0000771    -0.0001590    0.0002409    nan    nan
7792    -27.8030000    1.7065800    7.1918100    0.0009184    601.3942871    158.9164734    12.2992382    0.0007604    -0.0002192    -0.0005412    0.0007884    nan    nan
7793    -27.7992000    1.7903500    7.1918100    0.0013933    636.3969116    191.2003784    41.6559296    0.0009754    -0.0002814    -0.0006940    0.0010068    nan    nan
7794    -27.7863000    1.7053100    7.1918100    0.0007529    685.3420410    264.5128174    62.4830170    0.0023106    -0.0005546    -0.0017560    0.0024387    nan    nan
7795    -27.7766000    1.7904500    7.1918100    0.0016105    707.5515747    268.0998840    94.7185516    0.0018051    -0.0004789    -0.0013261    0.0018778    nan    nan
7796    -27.7718000    1.7054500    7.1918100    0.0007104    800.9777832    395.3538208    146.4159698    0.0046816    -0.0009911    -0.0036905    0.0049949    nan    nan
7797    -27.6941000    1.6459400    7.1917900    0.0010530    1375.2832031    965.4485474    679.9591675    0.0111156    -0.0028558    -0.0082598    0.0117078    nan    nan
7798    -27.6999000    1.6635400    7.1918000    0.0010160    1348.5621338    941.4157715    652.1284180    0.0113903    -0.0028391    -0.0085511    0.0120281    nan    nan
7799    -27.7103000    1.6786900    7.1918000    0.0009702    1293.3515625    889.1718140    595.2776489    0.0116133    -0.0027343    -0.0088789    0.0123173    nan    nan
7800    -27.6435000    1.7296900    7.1917900    0.0025798    1127.9450684    599.5149536    579.8060303    0.0012460    -0.0005717    -0.0006743    0.0012561    nan    nan
7801    -27.6222000    1.6954400    7.1917900    0.0024733    1178.1312256    731.2238159    592.4874268    0.0006739    -0.0002045    -0.0004693    0.0006944    nan    nan
7802    -27.6107000    1.6567900    7.1917900    0.0023946    1196.9527588    814.2116089    599.0986328    0.0004533    -0.0000950    -0.0003583    0.0004804    nan    nan
8343    -27.7237000    1.6905200    6.4742100    0.0009435    1208.1547852    808.8438110    510.1470337    0.0115007    -0.0024760    -0.0090247    0.0122893    nan    nan
8344    -27.7389000    1.6993300    6.4742200    0.0009926    1090.4211426    691.2645264    399.1066589    0.0105189    -0.0021902    -0.0083287    0.0112966    nan    nan
8345    -27.7560000    1.7045000    6.4742200    0.0009771    949.3779297    549.0979614    268.7523804    0.0084533    -0.0017008    -0.0067525    0.0090887    nan    nan
8346    -27.7448000    1.7879900    6.4742200    0.0028221    819.3640137    380.5371399    192.9886932    0.0026562    -0.0006966    -0.0019596    0.0027712    nan    nan
8347    -27.7066000    1.7770200    6.4742100    0.0028830    947.7712402    487.1177979    329.0023804    0.0026635    -0.0008322    -0.0018313    0.0027420    nan    nan
8348    -27.6724000    1.7571600    6.4742100    0.0027795    1054.1666260    555.6237183    464.8910522    0.0020260    -0.0008246    -0.0012014    0.0020506    nan    nan
8350    -27.7239000    1.9476800    6.4742200    0.0138263    658.6230469    194.6232910    116.7930679    0.0004093    -0.0001386    -0.0002706    0.0004181    nan    nan
8352    -27.6460000    1.9248000    6.4742100    0.0137672    756.8922729    263.7192078    220.2159271    0.0004643    -0.0001860    -0.0002783    0.0004696    nan    nan
8354    -27.5759000    1.8834200    6.4742100    0.0136885    823.1928101    335.5115356    306.9288025    0.0002984    -0.0001456    -0.0001528    0.0002993    nan    nan
8355    -27.7838000    1.9551900    6.4742300    0.0068541    577.9414673    141.2296295    61.7998772    0.0002159    -0.0000703    -0.0001456    0.0002204    nan    nan
8385    -27.8209000    1.7916700    6.4742300    0.0015673    570.4149170    120.9691315    -2.7524590    0.0002467    -0.0000789    -0.0001678    0.0002521    nan    nan
8386    -27.8030000    1.7066000    6.4742200    0.0009997    603.4195557    163.8783417    12.6973343    0.0007868    -0.0002213    -0.0005654    0.0008175    nan    nan
8387    -27.7992000    1.7903700    6.4742300    0.0015165    638.8448486    196.3617249    42.3397713    0.0010042    -0.0002837    -0.0007204    0.0010382    nan    nan
8388    -27.7863000    1.7053300    6.4742200    0.0008194    687.1851807    268.7854309    63.0157890    0.0023603    -0.0005537    -0.0018066    0.0024960    nan    nan
8389    -27.7766000    1.7904700    6.4742200    0.0017529    710.1740723    273.0726929    95.8366165    0.0018421    -0.0004795    -0.0013627    0.0019192    nan    nan
8390    -27.7718000    1.7054700    6.4742200    0.0007732    802.9191284    399.0597534    147.2415314    0.0047616    -0.0009880    -0.0037736    0.0050882    nan    nan
8391    -27.6941000    1.6459500    6.4742100    0.0011462    1377.4548340    968.8548584    681.3263550    0.0112469    -0.0028559    -0.0083910    0.0118577    nan    nan
8392    -27.6999000    1.6635400    6.4742100    0.0011058    1350.8988037    944.9229126    653.6693726    0.0115272    -0.0028400    -0.0086872    0.0121845    nan    nan
8393    -27.7103000    1.6786900    6.4742100    0.0010560    1295.9057617    892.7955933    597.0281372    0.0117570    -0.0027354    -0.0090216    0.0124819    nan    nan
8394    -27.6435000    1.7297000    6.4742100    0.0028079    1133.3585205    602.4370117    587.0115356    0.0012629    -0.0005858    -0.0006771    0.0012729    nan    nan
8395    -27.6222000    1.6954500    6.4742100    0.0026920    1184.6468506    734.3607788    600.1995850    0.0006853    -0.0002120    -0.0004733    0.0007052    nan    nan
8396    -27.6107000    1.6567900    6.4742000    0.0026063    1204.5621338    817.3214111    607.2077026    0.0004630    -0.0001003    -0.0003628    0.0004895    nan    nan
8937    -27.7237000    1.6905300    5.6931800    0.0010269    1209.9123535    811.5205078    511.1545715    0.0116321    -0.0024756    -0.0091565    0.0124410    nan    nan
8938    -27.7389000    1.6993400    5.6931800    0.0010803    1092.3986816    694.1438599    400.3095093    0.0106455    -0.0021905    -0.0084550    0.0114432    nan    nan
8939    -27.7560000    1.7045100    5.6931800    0.0010635    951.6508179    552.3203735    270.1875305    0.0085636    -0.0017006    -0.0068630    0.0092165    nan    nan
8940    -27.7448000    1.7880000    5.6931800    0.0030716    822.1567993    385.0237427    194.6737518    0.0026931    -0.0006959    -0.0019972    0.0028129    nan    nan
8941    -27.7066000    1.7770300    5.6931800    0.0031379    951.1264038    492.1739197    331.1318970    0.0026975    -0.0008326    -0.0018649    0.0027796    nan    nan
8942    -27.6724000    1.7571600    5.6931800    0.0030253    1058.0644531    561.2106934    467.3011169    0.0020498    -0.0008266    -0.0012232    0.0020758    nan    nan
8944    -27.7239000    1.9476900    5.6931900    0.0150487    661.7998047    199.1364441    117.4631119    0.0004178    -0.0001395    -0.0002783    0.0004272    nan    nan
8946    -27.6460000    1.9248100    5.6931800    0.0149845    760.7976074    268.9515381    221.9303741    0.0004747    -0.0001882    -0.0002865    0.0004804    nan    nan
8948    -27.5759000    1.8834300    5.6931800    0.0148989    827.8251343    337.5259705    312.8578186    0.0003035    -0.0001483    -0.0001552    0.0003044    nan    nan
8949    -27.7838000    1.9552000    5.6931900    0.0074600    580.3718262    145.3479919    61.8110733    0.0002233    -0.0000714    -0.0001519    0.0002282    nan    nan
8979    -27.8209000    1.7916900    5.6931900    0.0017059    572.3726196    125.1174850    -2.8026400    0.0002562    -0.0000806    -0.0001756    0.0002622    nan    nan
8980    -27.8030000    1.7066200    5.6931900    0.0010880    605.4271851    168.3830261    13.3218307    0.0008111    -0.0002234    -0.0005877    0.0008444    nan    nan
8981    -27.7992000    1.7903800    5.6931900    0.0016506    641.0643921    200.9293823    43.0388565    0.0010305    -0.0002859    -0.0007446    0.0010669    nan    nan
8982    -27.7863000    1.7053400    5.6931900    0.0008919    689.4169922    272.9966431    64.1219406    0.0024069    -0.0005537    -0.0018533    0.0025495    nan    nan
8983    -27.7766000    1.7904800    5.6931900    0.0019078    712.5388184    277.4644470    96.9031677    0.0018757    -0.0004800    -0.0013957    0.0019567    nan    nan
8984    -27.7717000    1.7054800    5.6931900    0.0008416    805.2727661    402.8310547    148.6194000    0.0048357    -0.0009862    -0.0038495    0.0051743    nan    nan
8985    -27.6940000    1.6459500    5.6931700    0.0012475    1379.1309815    971.6481934    682.2812500    0.0113665    -0.0028556    -0.0085108    0.0119944    nan    nan
8986    -27.6999000    1.6635400    5.6931800    0.0012036    1352.5477295    947.6472778    654.6021729    0.0116510    -0.0028401    -0.0088110    0.0123264    nan    nan
8987    -27.7103000    1.6787000    5.6931800    0.0011494    1297.5686035    895.4671021    597.9694824    0.0118861    -0.0027355    -0.0091506    0.0126301    nan    nan
8988    -27.6435000    1.7297000    5.6931700    0.0030562    1138.1076660    604.9727783    593.3739624    0.0012786    -0.0005989    -0.0006798    0.0012885    nan    nan
8989    -27.6222000    1.6954500    5.6931700    0.0029300    1190.3881836    737.1143188    607.0256348    0.0006960    -0.0002189    -0.0004771    0.0007153    nan    nan
8990    -27.6107000    1.6567900    5.6931700    0.0028368    1211.3098144    820.0895386    614.3941040    0.0004720    -0.0001051    -0.0003669    0.0004980    nan    nan
9531    -27.7237000    1.6905300    4.8430900    0.0011177    1211.8316650    814.1506958    512.4318848    0.0117480    -0.0024761    -0.0092719    0.0125744    nan    nan
9532    -27.7389000    1.6993400    4.8430900    0.0011758    1094.2275391    696.7012329    401.4735718    0.0107566    -0.0021911    -0.0085656    0.0115717    nan    nan
9533    -27.7560000    1.7045300    4.8430900    0.0011575    953.3384399    554.8316650    271.1557617    0.0086590    -0.0016999    -0.0069592    0.0093274    nan    nan
9534    -27.7448000    1.7880100    4.8430900    0.0033432    824.5405273    388.8702393    196.1066132    0.0027255    -0.0006953    -0.0020302    0.0028495    nan    nan
9535    -27.7066000    1.7770300    4.8430900    0.0034153    954.0183716    496.5389404    332.9683228    0.0027277    -0.0008331    -0.0018946    0.0028130    nan    nan
9536    -27.6724000    1.7571700    4.8430900    0.0032927    1061.4549560    566.0601196    469.4121704    0.0020710    -0.0008284    -0.0012425    0.0020982    nan    nan
9538    -27.7239000    1.9476900    4.8431000    0.0163792    664.5570679    203.0460358    118.0211563    0.0004253    -0.0001402    -0.0002851    0.0004353    nan    nan
9540    -27.6460000    1.9248100    4.8430900    0.0163094    764.1809082    273.5152588    223.3706207    0.0004840    -0.0001900    -0.0002939    0.0004901    nan    nan
9542    -27.5759000    1.8834300    4.8430900    0.0162163    831.8519287    339.2640381    317.9868774    0.0003080    -0.0001501    -0.0001579    0.0003090    nan    nan
9543    -27.7838000    1.9552100    4.8431000    0.0081196    582.4802856    148.9190674    61.7970123    0.0002298    -0.0000723    -0.0001575    0.0002352    nan    nan
9573    -27.8209000    1.7917000    4.8431000    0.0018567    574.0700684    128.7216644    -2.8590293    0.0002648    -0.0000820    -0.0001828    0.0002713    nan    nan
9574    -27.8030000    1.7066300    4.8431000    0.0011842    607.0183716    172.1670380    13.7263803    0.0008324    -0.0002250    -0.0006074    0.0008679    nan    nan
9575    -27.7992000    1.7903900    4.8431000    0.0017965    642.9672852    204.8741455    43.6290398    0.0010541    -0.0002877    -0.0007663    0.0010926    nan    nan
9576    -27.7863000    1.7053600    4.8431000    0.0009707    690.9337769    276.2818909    64.6696167    0.0024467    -0.0005530    -0.0018937    0.0025954    nan    nan
9577    -27.7766000    1.7904900    4.8431000    0.0020765    714.5521851    281.2367554    97.8006210    0.0019054    -0.0004804    -0.0014250    0.0019900    nan    nan
9578    -27.7717000    1.7054900    4.8430900    0.0009160    806.8531494    405.6831055    149.3574219    0.0048994    -0.0009839    -0.0039155    0.0052487    nan    nan
9579    -27.6940000    1.6459500    4.8430900    0.0013578    1380.7048340    974.1380005    683.2427979    0.0114704    -0.0028558    -0.0086146    0.0121132    nan    nan
9580    -27.6999000    1.6635500    4.8430900    0.0013100    1354.2292481    950.1958618    655.6744385    0.0117592    -0.0028407    -0.0089185    0.0124501    nan    nan
9581    -27.7103000    1.6787000    4.8430900    0.0012510    1299.3894043    898.0809326    599.1746826    0.0119995    -0.0027364    -0.0092631    0.0127601    nan    nan
9582    -27.6435000    1.7297000    4.8430900    0.0033264    1142.2399902    607.2018433    598.9047241    0.0012929    -0.0006105    -0.0006824    0.0013027    nan    nan
9583    -27.6222000    1.6954500    4.8430800    0.0031891    1195.3486328    739.5025024    612.9360962    0.0007057    -0.0002251    -0.0004806    0.0007246    nan    nan
9584    -27.6107000    1.6567900    4.8430800    0.0030877    1217.1296387    822.4628296    620.5862427    0.0004800    -0.0001094    -0.0003706    0.0005056    nan    nan
10125    -27.7237000    1.6905400    3.9178400    0.0012165    1213.1843262    816.1265259    513.2425537    0.0118461    -0.0024761    -0.0093700    0.0126876    nan    nan
10126    -27.7389000    1.6993500    3.9178400    0.0012798    1095.7042236    698.7946167    402.3923035    0.0108510    -0.0021915    -0.0086595    0.0116810    nan    nan
10127    -27.7560000    1.7045400    3.9178400    0.0012598    954.9718018    557.1233521    272.1871033    0.0087410    -0.0016997    -0.0070413    0.0094225    nan    nan
10128    -27.7448000    1.7880100    3.9178500    0.0036388    826.5733032    392.1187439    197.3476868    0.0027532    -0.0006948    -0.0020585    0.0028809    nan    nan
10129    -27.7066000    1.7770400    3.9178400    0.0037173    956.4629517    500.2203064    334.5274353    0.0027537    -0.0008335    -0.0019202    0.0028417    nan    nan
10130    -27.6724000    1.7571700    3.9178400    0.0035839    1064.2937012    570.1389160    471.1723328    0.0020892    -0.0008300    -0.0012592    0.0021176    nan    nan
10132    -27.7239000    1.9477000    3.9178500    0.0178273    666.8817749    206.3332367    118.4782944    0.0004317    -0.0001407    -0.0002910    0.0004422    nan    nan
10134    -27.6460000    1.9248200    3.9178400    0.0177514    767.0335083    277.3753052    224.5628510    0.0004920    -0.0001916    -0.0003004    0.0004985    nan    nan
10136    -27.5759000    1.8834300    3.9178400    0.0176501    835.2543945    340.7199097    322.3075562    0.0003120    -0.0001514    -0.0001606    0.0003130    nan    nan
10137    -27.7838000    1.9552200    3.9178500    0.0088374    584.2537231    151.9205017    61.7675323    0.0002355    -0.0000731    -0.0001624    0.0002412    nan    nan
10167    -27.8209000    1.7917100    3.9178500    0.0020209    575.4755859    131.7366791    -2.9330559    0.0002725    -0.0000833    -0.0001892    0.0002795    nan    nan
10168    -27.8030000    1.7066500    3.9178500    0.0012889    608.4816284    175.4335938    14.2074175    0.0008512    -0.0002265    -0.0006247    0.0008887    nan    nan
10169    -27.7992000    1.7904000    3.9178500    0.0019554    644.5841064    208.1997986    44.1477776    0.0010746    -0.0002893    -0.0007853    0.0011151    nan    nan
10170    -27.7863000    1.7053700    3.9178500    0.0010565    692.5155029    279.2771606    65.4476700    0.0024818    -0.0005528    -0.0019289    0.0026358    nan    nan
10171    -27.7766000    1.7905000    3.9178500    0.0022601    716.2693481    284.4172058    98.5875092    0.0019310    -0.0004808    -0.0014502    0.0020186    nan    nan
10172    -27.7717000    1.7055100    3.9178500    0.0009970    808.5135498    408.3441467    150.3150787    0.0049550    -0.0009825    -0.0039724    0.0053133    nan    nan
10173    -27.6940000    1.6459500    3.9178400    0.0014778    1381.9547119    976.1604004    683.9744873    0.0115597    -0.0028559    -0.0087038    0.0122153    nan    nan
10174    -27.6999000    1.6635500    3.9178400    0.0014258    1355.4794922    952.1853638    656.4073486    0.0118517    -0.0028411    -0.0090106    0.0125561    nan    nan
10175    -27.7103000    1.6787100    3.9178400    0.0013616    1300.6677246    900.0487061    599.9319458    0.0120959    -0.0027368    -0.0093592    0.0128709    nan    nan
10176    -27.6435000    1.7297000    3.9178400    0.0036206    1145.7026367    609.0570068    603.5613403    0.0013053    -0.0006206    -0.0006846    0.0013151    nan    nan
10177    -27.6222000    1.6954500    3.9178400    0.0034711    1199.5167236    741.5101318    617.9174194    0.0007141    -0.0002305    -0.0004837    0.0007326    nan    nan
10178    -27.6107000    1.6567900    3.9178400    0.0033607    1222.0441894    824.4812012    625.8140869    0.0004870    -0.0001131    -0.0003739    0.0005122    nan    nan
10719    -27.7237000    1.6905400    2.9107900    0.0013240    1214.4300537    817.8352661    514.0574951    0.0119255    -0.0024764    -0.0094490    0.0127790    nan    nan
10720    -27.7389000    1.6993600    2.9107900    0.0013929    1096.9140625    700.4769897    403.1581726    0.0109270    -0.0021919    -0.0087351    0.0117690    nan    nan
