5 234 
621    -27.7182000    1.6899800    12.3721000    0.0003130    824.3899536    286.3044739    260.7988281    0.0029803    -0.0013843    -0.0015961    0.0030224    nan    nan
622    -27.7334000    1.6986100    12.3722000    0.0003293    727.6978760    211.9236603    161.4977417    0.0023110    -0.0010072    -0.0013037    0.0023563    nan    nan
623    -27.7504000    1.7036100    12.3722000    0.0003242    610.9727173    115.7379913    51.3085480    0.0013156    -0.0005406    -0.0007750    0.0013437    nan    nan
624    -27.7393000    1.7872100    12.3723000    0.0009367    497.9886169    38.1480179    -11.8977861    0.0001584    -0.0000665    -0.0000919    0.0001599    nan    nan
625    -27.7010000    1.7764600    12.3722000    0.0009565    563.2834473    87.6762543    26.7847404    0.0003455    -0.0001468    -0.0001987    0.0003496    nan    nan
626    -27.6668000    1.7567700    12.3722000    0.0009219    614.4942017    165.4717255    55.3121109    0.0003577    -0.0001306    -0.0002271    0.0003649    nan    nan
668    -27.7661000    1.7044400    12.3723000    0.0002567    489.1168518    45.8751068    -29.4349594    0.0003946    -0.0001536    -0.0002410    0.0004024    nan    nan
669    -27.6886000    1.6458700    12.3721000    0.0003802    969.4927979    446.1465149    382.5173645    0.0034505    -0.0014717    -0.0019787    0.0034826    nan    nan
670    -27.6945000    1.6633200    12.3721000    0.0003668    946.4429932    412.3184814    368.4591980    0.0034435    -0.0015237    -0.0019198    0.0034757    nan    nan
671    -27.7049000    1.6783200    12.3721000    0.0003503    897.9357300    348.3876648    336.7304077    0.0033614    -0.0015696    -0.0017918    0.0033969    nan    nan
672    -27.6379000    1.7294500    12.3721000    0.0009311    632.1037598    254.0073395    60.3239136    0.0002280    -0.0000528    -0.0001753    0.0002404    nan    nan
1215    -27.7183000    1.6900200    12.1127000    0.0003409    971.3802490    463.6909790    374.3944397    0.0033115    -0.0014156    -0.0018959    0.0033521    nan    nan
1216    -27.7335000    1.6986600    12.1127000    0.0003587    850.8999634    345.9602661    265.9478455    0.0025914    -0.0011022    -0.0014893    0.0026274    nan    nan
1217    -27.7505000    1.7036600    12.1127000    0.0003531    711.7489624    206.5826416    145.5548096    0.0016087    -0.0006951    -0.0009137    0.0016265    nan    nan
1218    -27.7394000    1.7872600    12.1127000    0.0010199    557.5236816    95.9329071    36.2626495    0.0001888    -0.0000816    -0.0001072    0.0001900    nan    nan
1219    -27.7011000    1.7765000    12.1127000    0.0010416    643.2612915    170.7067566    98.2185440    0.0003366    -0.0001446    -0.0001920    0.0003392    nan    nan
1220    -27.6669000    1.7568100    12.1127000    0.0010040    711.8643799    267.0742493    148.4015503    0.0003228    -0.0001197    -0.0002030    0.0003277    nan    nan
1262    -27.7662000    1.7045000    12.1127000    0.0002795    573.6035767    85.2633286    49.0429077    0.0005069    -0.0002321    -0.0002749    0.0005084    nan    nan
1263    -27.6887000    1.6458800    12.1126000    0.0004142    1155.0935059    625.9627686    561.5170288    0.0039317    -0.0018319    -0.0020998    0.0039583    nan    nan
1264    -27.6946000    1.6633400    12.1126000    0.0003996    1125.6799316    601.5806274    529.3488159    0.0039056    -0.0017871    -0.0021184    0.0039360    nan    nan
1265    -27.7049000    1.6783500    12.1127000    0.0003816    1064.4206543    547.9123535    465.7748718    0.0037692    -0.0016698    -0.0020993    0.0038054    nan    nan
1266    -27.6380000    1.7294800    12.1126000    0.0010141    745.1593018    367.9317932    172.3365784    0.0001943    -0.0000492    -0.0001451    0.0002024    nan    nan
1809    -27.7183000    1.6900300    11.8302000    0.0003711    981.4691772    500.1880798    366.8925476    0.0035431    -0.0013605    -0.0021827    0.0036083    nan    nan
1810    -27.7335000    1.6986800    11.8302000    0.0003904    869.9197388    390.7390137    265.6185303    0.0028814    -0.0010899    -0.0017914    0.0029412    nan    nan
1811    -27.7506000    1.7036900    11.8302000    0.0003844    738.2199097    257.6878967    150.7363281    0.0018701    -0.0007174    -0.0011527    0.0019029    nan    nan
1812    -27.7394000    1.7872800    11.8302000    0.0011102    589.1080933    111.9299088    66.6177216    0.0002482    -0.0001020    -0.0001462    0.0002502    nan    nan
1813    -27.7011000    1.7765100    11.8302000    0.0011338    678.7435303    185.1394653    142.3199310    0.0003839    -0.0001672    -0.0002166    0.0003867    nan    nan
1814    -27.6669000    1.7568100    11.8301000    0.0010929    748.0468750    275.8629456    201.6818237    0.0003135    -0.0001351    -0.0001784    0.0003155    nan    nan
1856    -27.7663000    1.7045300    11.8302000    0.0003042    601.8330078    119.3240280    59.2974319    0.0005619    -0.0002392    -0.0003226    0.0005645    nan    nan
1857    -27.6887000    1.6458800    11.8301000    0.0004508    1154.7974853    652.1593018    544.0861816    0.0039468    -0.0017075    -0.0022393    0.0039869    nan    nan
1858    -27.6946000    1.6633500    11.8301000    0.0004350    1125.7586670    628.1107788    512.9752808    0.0039603    -0.0016725    -0.0022879    0.0040064    nan    nan
1859    -27.7050000    1.6783600    11.8302000    0.0004154    1067.9876709    578.0620117    452.5128784    0.0039028    -0.0015786    -0.0023242    0.0039588    nan    nan
1860    -27.6380000    1.7294800    11.8301000    0.0011039    776.4645386    375.8461914    228.0047150    0.0001472    -0.0000474    -0.0000999    0.0001506    nan    nan
2403    -27.7184000    1.6900500    11.5226000    0.0004040    1005.2697754    528.8699341    386.6338806    0.0037067    -0.0013862    -0.0023205    0.0037819    nan    nan
2404    -27.7336000    1.6986900    11.5226000    0.0004250    885.7991333    412.9085083    277.1692810    0.0030032    -0.0011000    -0.0019032    0.0030731    nan    nan
2405    -27.7506000    1.7037100    11.5226000    0.0004184    747.0940552    274.4915771    154.5877533    0.0019389    -0.0007151    -0.0012237    0.0019785    nan    nan
2406    -27.7394000    1.7873000    11.5226000    0.0012084    599.8276367    125.8702698    76.4195862    0.0002559    -0.0001008    -0.0001551    0.0002586    nan    nan
2407    -27.7012000    1.7765200    11.5226000    0.0012342    692.3174438    195.9871216    159.8965454    0.0003804    -0.0001629    -0.0002175    0.0003834    nan    nan
2408    -27.6669000    1.7568200    11.5226000    0.0011897    764.5283813    285.4575195    227.4462585    0.0003039    -0.0001369    -0.0001670    0.0003053    nan    nan
2450    -27.7663000    1.7045500    11.5227000    0.0003311    609.6371460    135.1539154    59.9258232    0.0005738    -0.0002354    -0.0003384    0.0005777    nan    nan
2451    -27.6888000    1.6458800    11.5226000    0.0004908    1188.1829834    689.2684937    572.7149658    0.0041642    -0.0017661    -0.0023981    0.0042107    nan    nan
2452    -27.6946000    1.6633500    11.5226000    0.0004735    1158.3228760    664.4208374    541.0139771    0.0041724    -0.0017263    -0.0024461    0.0042257    nan    nan
2453    -27.7050000    1.6783700    11.5226000    0.0004522    1097.5246582    611.6694946    477.7790222    0.0040967    -0.0016205    -0.0024762    0.0041612    nan    nan
2454    -27.6380000    1.7294800    11.5226000    0.0012016    795.8911743    390.4277649    256.7907104    0.0001446    -0.0000489    -0.0000956    0.0001473    nan    nan
2997    -27.7184000    1.6900600    11.1879000    0.0004397    1015.2539673    547.7861938    390.6242371    0.0038949    -0.0013961    -0.0024988    0.0039867    nan    nan
2998    -27.7336000    1.6987100    11.1879000    0.0004626    899.4898682    434.5227051    284.9254456    0.0031987    -0.0011217    -0.0020770    0.0032846    nan    nan
2999    -27.7506000    1.7037300    11.1879000    0.0004554    763.2636108    298.2805786    164.5213318    0.0021122    -0.0007441    -0.0013681    0.0021636    nan    nan
3000    -27.7394000    1.7873100    11.1879000    0.0013153    610.9443359    139.5666962    81.1123962    0.0002836    -0.0001069    -0.0001767    0.0002874    nan    nan
3001    -27.7012000    1.7765300    11.1879000    0.0013434    706.8132935    210.1569061    171.7100983    0.0004052    -0.0001692    -0.0002360    0.0004090    nan    nan
3002    -27.6670000    1.7568300    11.1879000    0.0012949    780.9263306    293.2609253    248.8002777    0.0003121    -0.0001448    -0.0001672    0.0003132    nan    nan
3044    -27.7663000    1.7045700    11.1879000    0.0003604    624.0112305    154.2379456    63.9298325    0.0006318    -0.0002501    -0.0003817    0.0006376    nan    nan
3045    -27.6888000    1.6458900    11.1879000    0.0005342    1194.3265381    706.2178345    571.5499268    0.0043192    -0.0017593    -0.0025599    0.0043786    nan    nan
3046    -27.6946000    1.6633600    11.1879000    0.0005154    1164.4760742    681.0870972    540.2312012    0.0043333    -0.0017215    -0.0026118    0.0044003    nan    nan
3047    -27.7050000    1.6783800    11.1879000    0.0004922    1104.9199219    628.9449463    478.6891174    0.0042692    -0.0016214    -0.0026479    0.0043490    nan    nan
3048    -27.6381000    1.7294900    11.1879000    0.0013080    812.6477051    399.2617798    279.5182800    0.0001440    -0.0000516    -0.0000924    0.0001462    nan    nan
3591    -27.7184000    1.6900700    10.8235000    0.0004786    1026.4417725    563.7194824    398.3661194    0.0040398    -0.0014108    -0.0026290    0.0041432    nan    nan
3592    -27.7336000    1.6987200    10.8235000    0.0005035    907.3388062    447.8826599    289.0173950    0.0033253    -0.0011317    -0.0021936    0.0034229    nan    nan
3593    -27.7506000    1.7037400    10.8235000    0.0004957    768.4515991    309.6478882    165.6263733    0.0022022    -0.0007486    -0.0014536    0.0022624    nan    nan
3594    -27.7395000    1.7873300    10.8235000    0.0014316    618.6561279    150.6977692    83.3569260    0.0003010    -0.0001092    -0.0001918    0.0003058    nan    nan
3595    -27.7012000    1.7765400    10.8235000    0.0014622    716.3332520    221.5797424    177.8841553    0.0004211    -0.0001716    -0.0002495    0.0004255    nan    nan
3596    -27.6670000    1.7568400    10.8235000    0.0014095    792.1444092    298.7875671    264.3832703    0.0003207    -0.0001508    -0.0001699    0.0003219    nan    nan
3638    -27.7663000    1.7045900    10.8235000    0.0003923    630.2522583    165.7995300    63.3033371    0.0006619    -0.0002538    -0.0004081    0.0006696    nan    nan
3639    -27.6888000    1.6458900    10.8235000    0.0005815    1208.9816894    725.2783813    582.4945679    0.0044675    -0.0017837    -0.0026838    0.0045348    nan    nan
3640    -27.6947000    1.6633600    10.8235000    0.0005610    1179.0146484    700.0089722    551.1769409    0.0044852    -0.0017454    -0.0027399    0.0045610    nan    nan
3641    -27.7051000    1.6783800    10.8235000    0.0005357    1118.4080810    646.9089355    488.6735229    0.0044213    -0.0016418    -0.0027795    0.0045112    nan    nan
3642    -27.6381000    1.7294900    10.8235000    0.0014237    825.4559937    406.8390808    296.3803711    0.0001482    -0.0000550    -0.0000932    0.0001501    nan    nan
4185    -27.7184000    1.6900800    10.4269000    0.0005209    1034.1473389    576.2678223    402.7414856    0.0041822    -0.0014236    -0.0027586    0.0042982    nan    nan
4186    -27.7336000    1.6987300    10.4270000    0.0005480    916.4996338    461.6477051    294.8178406    0.0034658    -0.0011492    -0.0023167    0.0035755    nan    nan
4187    -27.7506000    1.7037600    10.4270000    0.0005395    778.3449707    323.9839172    172.0510559    0.0023210    -0.0007664    -0.0015546    0.0023907    nan    nan
4188    -27.7395000    1.7873400    10.4270000    0.0015582    625.5242310    160.2147522    84.9500732    0.0003203    -0.0001125    -0.0002078    0.0003261    nan    nan
4189    -27.7012000    1.7765500    10.4269000    0.0015915    725.3878174    232.5119629    183.0933380    0.0004407    -0.0001761    -0.0002646    0.0004458    nan    nan
4190    -27.6670000    1.7568400    10.4269000    0.0015342    802.6865845    304.1584473    277.7152100    0.0003316    -0.0001565    -0.0001751    0.0003328    nan    nan
4232    -27.7664000    1.7046100    10.4270000    0.0004270    638.9000854    177.8789978    65.7017059    0.0007066    -0.0002641    -0.0004425    0.0007163    nan    nan
4233    -27.6888000    1.6458900    10.4269000    0.0006329    1215.3500977    737.3496704    584.8902588    0.0046002    -0.0017929    -0.0028073    0.0046774    nan    nan
4234    -27.6947000    1.6633600    10.4269000    0.0006106    1185.2506103    711.8336182    553.6079712    0.0046215    -0.0017553    -0.0028663    0.0047080    nan    nan
4235    -27.7051000    1.6783900    10.4269000    0.0005831    1125.1182861    658.9207153    491.7764282    0.0045614    -0.0016526    -0.0029088    0.0046630    nan    nan
4236    -27.6381000    1.7295000    10.4269000    0.0015497    837.0116577    413.2528687    310.7839355    0.0001534    -0.0000586    -0.0000947    0.0001551    nan    nan
4779    -27.7184000    1.6900800    9.9952900    0.0005670    1041.4958496    587.2064209    407.5141296    0.0043070    -0.0014358    -0.0028712    0.0044339    nan    nan
4780    -27.7336000    1.6987500    9.9953000    0.0005965    922.2980347    471.4477844    297.8706665    0.0035793    -0.0011601    -0.0024193    0.0036998    nan    nan
4781    -27.7506000    1.7037700    9.9953000    0.0005872    783.0657959    332.9236145    173.9134674    0.0024069    -0.0007737    -0.0016331    0.0024851    nan    nan
4782    -27.7395000    1.7873500    9.9953000    0.0016960    631.1924438    168.3857574    85.8565216    0.0003368    -0.0001149    -0.0002220    0.0003438    nan    nan
4783    -27.7012000    1.7765600    9.9953000    0.0017323    732.6073608    241.8378143    186.6477356    0.0004574    -0.0001794    -0.0002780    0.0004633    nan    nan
4784    -27.6670000    1.7568500    9.9952900    0.0016699    811.2791138    308.7514343    288.5293884    0.0003423    -0.0001610    -0.0001814    0.0003437    nan    nan
4826    -27.7664000    1.7046200    9.9953100    0.0004647    643.8590088    186.5589142    66.0516815    0.0007374    -0.0002692    -0.0004682    0.0007490    nan    nan
4827    -27.6888000    1.6458900    9.9952900    0.0006889    1224.0589600    749.7666626    590.7479858    0.0047231    -0.0018093    -0.0029138    0.0048083    nan    nan
4828    -27.6947000    1.6633700    9.9952900    0.0006646    1193.9987793    724.2397461    559.5974121    0.0047490    -0.0017721    -0.0029769    0.0048442    nan    nan
4829    -27.7051000    1.6783900    9.9952900    0.0006347    1133.4892578    670.8892212    497.4712830    0.0046902    -0.0016677    -0.0030225    0.0048017    nan    nan
4830    -27.6381000    1.7295000    9.9952800    0.0016867    846.8707275    418.8763428    322.7805176    0.0001595    -0.0000624    -0.0000971    0.0001611    nan    nan
5373    -27.7184000    1.6900900    9.5254700    0.0006172    1047.3515625    596.4075317    411.0092163    0.0044247    -0.0014470    -0.0029777    0.0045623    nan    nan
5374    -27.7336000    1.6987600    9.5254700    0.0006493    928.6929932    481.1343079    301.8708496    0.0036915    -0.0011730    -0.0025185    0.0038223    nan    nan
5375    -27.7507000    1.7037800    9.5254800    0.0006392    789.5601196    342.6822815    177.8919830    0.0025015    -0.0007862    -0.0017154    0.0025881    nan    nan
5376    -27.7395000    1.7873600    9.5254800    0.0018460    636.4581299    175.5341492    86.9447327    0.0003506    -0.0001167    -0.0002339    0.0003585    nan    nan
5377    -27.7012000    1.7765700    9.5254700    0.0018855    739.2943115    250.3253479    189.9566803    0.0004744    -0.0001832    -0.0002912    0.0004809    nan    nan
5378    -27.6670000    1.7568500    9.5254700    0.0018176    819.1488647    313.3625183    297.8151550    0.0003536    -0.0001652    -0.0001884    0.0003552    nan    nan
5420    -27.7664000    1.7046400    9.5254800    0.0005058    649.1264038    195.9449158    68.0658875    0.0007890    -0.0002803    -0.0005086    0.0008034    nan    nan
5421    -27.6888000    1.6458900    9.5254600    0.0007498    1229.4388428    758.9796143    593.4187622    0.0048354    -0.0018201    -0.0030154    0.0049291    nan    nan
5422    -27.6947000    1.6633700    9.5254700    0.0007234    1199.2518310    733.2750854    562.2365112    0.0048650    -0.0017834    -0.0030816    0.0049693    nan    nan
5423    -27.7051000    1.6784000    9.5254700    0.0006908    1138.9541016    679.9672241    500.4167175    0.0048085    -0.0016787    -0.0031297    0.0049300    nan    nan
5424    -27.6381000    1.7295000    9.5254600    0.0018359    855.7923584    423.8440857    333.3426819    0.0001660    -0.0000663    -0.0000997    0.0001674    nan    nan
5967    -27.7184000    1.6901000    9.0141000    0.0006717    1052.5395508    604.3900757    414.1880493    0.0045313    -0.0014569    -0.0030744    0.0046788    nan    nan
5968    -27.7336000    1.6987700    9.0141100    0.0007067    933.0822754    488.5105896    304.1754456    0.0037880    -0.0011821    -0.0026060    0.0039285    nan    nan
5969    -27.7507000    1.7038000    9.0141100    0.0006957    793.3545532    349.6183777    179.4375916    0.0025812    -0.0007941    -0.0017871    0.0026755    nan    nan
5970    -27.7395000    1.7873700    9.0141100    0.0020092    641.1901855    181.9116058    87.9743195    0.0003621    -0.0001181    -0.0002440    0.0003708    nan    nan
5971    -27.7012000    1.7765800    9.0141000    0.0020522    745.0082397    257.7497559    192.5916748    0.0004895    -0.0001863    -0.0003032    0.0004968    nan    nan
5972    -27.6670000    1.7568600    9.0141000    0.0019783    825.9575806    317.8952026    305.2882385    0.0003643    -0.0001689    -0.0001954    0.0003660    nan    nan
6013    -27.7712000    1.7897100    9.0141100    0.0012482    554.2960815    126.2169189    42.6178665    0.0001135    -0.0000387    -0.0000748    0.0001155    nan    nan
6014    -27.7664000    1.7046500    9.0141100    0.0005506    653.5103760    204.4083099    69.4222260    0.0008446    -0.0002916    -0.0005530    0.0008624    nan    nan
6015    -27.6888000    1.6458900    9.0141000    0.0008161    1235.2728272    767.8388672    597.0269775    0.0049401    -0.0018326    -0.0031076    0.0050414    nan    nan
6016    -27.6947000    1.6633700    9.0141000    0.0007874    1205.1372070    742.1351929    565.9586182    0.0049736    -0.0017964    -0.0031772    0.0050861    nan    nan
6017    -27.7051000    1.6784000    9.0141000    0.0007519    1144.6804199    688.5704346    504.0457764    0.0049183    -0.0016905    -0.0032278    0.0050490    nan    nan
6018    -27.6381000    1.7295100    9.0141000    0.0019983    863.6806030    428.2620544    342.5380554    0.0001724    -0.0000700    -0.0001023    0.0001738    nan    nan
6561    -27.7184000    1.6901100    8.4575200    0.0007311    1057.1691894    611.5105591    417.0401611    0.0046302    -0.0014662    -0.0031640    0.0047870    nan    nan
6562    -27.7336000    1.6987700    8.4575200    0.0007692    937.9019775    495.8427734    307.1658630    0.0038822    -0.0011925    -0.0026897    0.0040318    nan    nan
6563    -27.7507000    1.7038100    8.4575300    0.0007572    798.1511230    356.9423218    182.2803955    0.0026613    -0.0008037    -0.0018576    0.0027631    nan    nan
6564    -27.7395000    1.7873800    8.4575300    0.0021869    645.2312622    187.7615967    88.8547821    0.0003769    -0.0001207    -0.0002562    0.0003865    nan    nan
6565    -27.7013000    1.7765800    8.4575200    0.0022337    750.2830200    264.4819641    195.0253754    0.0005041    -0.0001894    -0.0003147    0.0005120    nan    nan
6566    -27.6670000    1.7568600    8.4575200    0.0021533    832.1798706    322.8141174    311.2530823    0.0003747    -0.0001724    -0.0002023    0.0003765    nan    nan
6607    -27.7712000    1.7897200    8.4575300    0.0013586    557.0741577    131.2475891    42.0902557    0.0001244    -0.0000413    -0.0000831    0.0001269    nan    nan
6608    -27.7664000    1.7046600    8.4575300    0.0005993    657.2802734    211.4980011    70.8830490    0.0008894    -0.0002999    -0.0005895    0.0009102    nan    nan
6609    -27.6888000    1.6458900    8.4575200    0.0008883    1239.7071533    775.1175537    599.4458618    0.0050367    -0.0018428    -0.0031940    0.0051456    nan    nan
6610    -27.6947000    1.6633800    8.4575200    0.0008570    1209.5114746    749.3044434    568.3732910    0.0050725    -0.0018065    -0.0032659    0.0051930    nan    nan
6611    -27.7051000    1.6784100    8.4575200    0.0008184    1149.1457519    695.6987915    506.6309204    0.0050183    -0.0017002    -0.0033181    0.0051577    nan    nan
6612    -27.6381000    1.7295100    8.4575100    0.0021750    870.8054810    432.2187500    350.7031860    0.0001785    -0.0000736    -0.0001049    0.0001798    nan    nan
7155    -27.7184000    1.6901100    7.8517300    0.0007958    1061.2269287    617.7315674    419.5471497    0.0047202    -0.0014745    -0.0032457    0.0048857    nan    nan
7156    -27.7336000    1.6987800    7.8517300    0.0008372    941.5263672    501.7709045    309.1647339    0.0039665    -0.0012009    -0.0027655    0.0041246    nan    nan
7157    -27.7507000    1.7038200    7.8517300    0.0008242    801.5300903    362.6765442    183.9154816    0.0027313    -0.0008106    -0.0019206    0.0028402    nan    nan
7158    -27.7395000    1.7873900    7.8517300    0.0023802    648.8513184    193.1292877    89.7186813    0.0003919    -0.0001236    -0.0002684    0.0004025    nan    nan
7159    -27.7013000    1.7765900    7.8517300    0.0024312    754.9322510    270.4479980    197.0720062    0.0005173    -0.0001921    -0.0003252    0.0005258    nan    nan
7160    -27.6670000    1.7568700    7.8517200    0.0023437    837.6979980    327.9454346    315.7324219    0.0003845    -0.0001755    -0.0002089    0.0003865    nan    nan
7201    -27.7712000    1.7897300    7.8517300    0.0014787    559.7243042    135.8552094    41.6872673    0.0001353    -0.0000439    -0.0000914    0.0001382    nan    nan
7202    -27.7664000    1.7046700    7.8517300    0.0006522    660.7518311    217.9113159    72.2914124    0.0009321    -0.0003075    -0.0006246    0.0009559    nan    nan
7203    -27.6888000    1.6458900    7.8517200    0.0009668    1244.0729981    781.8905029    602.0772705    0.0051257    -0.0018529    -0.0032728    0.0052414    nan    nan
7204    -27.6947000    1.6633800    7.8517200    0.0009328    1213.9250488    756.0756836    571.0998535    0.0051642    -0.0018168    -0.0033474    0.0052922    nan    nan
7205    -27.7051000    1.6784100    7.8517200    0.0008907    1153.4970703    702.3035278    509.3570251    0.0051107    -0.0017097    -0.0034011    0.0052582    nan    nan
7206    -27.6381000    1.7295100    7.8517200    0.0023674    877.2345581    435.7908325    357.9760132    0.0001844    -0.0000770    -0.0001074    0.0001856    nan    nan
7749    -27.7184000    1.6901200    7.1923700    0.0008662    1064.8900147    623.3139038    421.8324280    0.0048032    -0.0014822    -0.0033210    0.0049768    nan    nan
7750    -27.7336000    1.6987900    7.1923700    0.0009112    945.2338257    507.4291992    311.4492798    0.0040454    -0.0012093    -0.0028360    0.0042114    nan    nan
7751    -27.7507000    1.7038200    7.1923700    0.0008970    805.1688843    368.3108826    186.0131836    0.0027987    -0.0008182    -0.0019805    0.0029143    nan    nan
7752    -27.7395000    1.7873900    7.1923700    0.0025907    652.0591431    197.8912048    90.4730377    0.0004058    -0.0001262    -0.0002797    0.0004173    nan    nan
7753    -27.7012000    1.7765900    7.1923700    0.0026462    759.1747437    275.8341980    198.9695892    0.0005297    -0.0001946    -0.0003351    0.0005388    nan    nan
7754    -27.6670000    1.7568700    7.1923700    0.0025509    842.7137451    333.1092834    319.2634583    0.0003937    -0.0001785    -0.0002152    0.0003959    nan    nan
