4 142 
621    -27.7156000    1.6898600    12.3729000    0.0003128    728.0733643    224.0388336    176.9823456    0.0012489    -0.0005516    -0.0006974    0.0012623    nan    nan
622    -27.7307000    1.6984500    12.3729000    0.0003292    630.9535522    150.0118256    97.6633682    0.0008656    -0.0003762    -0.0004894    0.0008759    nan    nan
623    -27.7477000    1.7034100    12.3729000    0.0003241    516.7709961    80.7435303    21.6574078    0.0004399    -0.0001850    -0.0002549    0.0004457    nan    nan
669    -27.6860000    1.6458600    12.3728000    0.0003800    869.3858643    384.9199524    295.4692993    0.0018304    -0.0007530    -0.0010774    0.0018474    nan    nan
670    -27.6918000    1.6632800    12.3728000    0.0003666    847.2442627    353.6881714    277.3831787    0.0017464    -0.0007339    -0.0010125    0.0017628    nan    nan
671    -27.7022000    1.6782400    12.3728000    0.0003501    798.7510376    298.7106628    240.2701111    0.0016062    -0.0007013    -0.0009049    0.0016220    nan    nan
1215    -27.7156000    1.6898900    12.1133000    0.0003407    839.9893188    318.8755798    289.3501282    0.0014215    -0.0006692    -0.0007523    0.0014292    nan    nan
1216    -27.7308000    1.6984800    12.1133000    0.0003585    727.7662354    223.0811615    190.6085663    0.0010014    -0.0004661    -0.0005353    0.0010064    nan    nan
1217    -27.7478000    1.7034500    12.1133000    0.0003529    596.0665283    128.5446167    96.4328461    0.0005750    -0.0002621    -0.0003129    0.0005774    nan    nan
1263    -27.6860000    1.6458600    12.1133000    0.0004139    1015.5527344    486.2290649    457.8078003    0.0020333    -0.0009424    -0.0010909    0.0020438    nan    nan
1264    -27.6919000    1.6632900    12.1133000    0.0003993    986.8801270    456.4713440    431.6798401    0.0019537    -0.0009148    -0.0010389    0.0019639    nan    nan
1265    -27.7023000    1.6782600    12.1133000    0.0003813    926.6181030    398.8056335    374.0891418    0.0017916    -0.0008491    -0.0009425    0.0018015    nan    nan
1809    -27.7157000    1.6898900    11.8308000    0.0003709    860.2799683    351.7012024    297.1793213    0.0015239    -0.0006916    -0.0008323    0.0015337    nan    nan
1810    -27.7308000    1.6984900    11.8308000    0.0003902    751.2512207    254.6755829    198.3746796    0.0010913    -0.0004839    -0.0006074    0.0010985    nan    nan
1811    -27.7479000    1.7034600    11.8308000    0.0003842    619.4366455    156.7536774    104.5218277    0.0006549    -0.0002772    -0.0003777    0.0006593    nan    nan
1857    -27.6860000    1.6458600    11.8307000    0.0004505    1027.9006348    495.2436523    473.1467896    0.0020328    -0.0009970    -0.0010358    0.0020416    nan    nan
1858    -27.6919000    1.6632900    11.8307000    0.0004347    1000.2756958    472.5685120    442.2903137    0.0019755    -0.0009595    -0.0010160    0.0019849    nan    nan
1859    -27.7023000    1.6782600    11.8308000    0.0004151    943.7222290    424.5480957    382.3381653    0.0018577    -0.0008764    -0.0009813    0.0018682    nan    nan
2403    -27.7157000    1.6899000    11.5232000    0.0004037    879.0206299    375.1756897    311.0513611    0.0016007    -0.0007118    -0.0008889    0.0016124    nan    nan
2404    -27.7309000    1.6985000    11.5232000    0.0004247    766.9317627    274.1483459    207.7772827    0.0011401    -0.0004950    -0.0006451    0.0011488    nan    nan
2405    -27.7479000    1.7034800    11.5232000    0.0004182    632.0552979    173.0702820    110.1438217    0.0006829    -0.0002814    -0.0004015    0.0006884    nan    nan
2451    -27.6861000    1.6458700    11.5232000    0.0004904    1056.8699951    527.6993408    496.5823059    0.0021519    -0.0010492    -0.0011027    0.0021615    nan    nan
2452    -27.6919000    1.6632900    11.5232000    0.0004732    1027.7667236    503.8262329    464.3157043    0.0020901    -0.0010019    -0.0010882    0.0021006    nan    nan
2453    -27.7023000    1.6782700    11.5232000    0.0004518    967.1116333    452.1955566    400.4730835    0.0019564    -0.0009079    -0.0010485    0.0019684    nan    nan
2997    -27.7157000    1.6899100    11.1884000    0.0004394    893.0975952    395.9840088    318.6351929    0.0017049    -0.0007363    -0.0009686    0.0017199    nan    nan
2998    -27.7309000    1.6985100    11.1884000    0.0004623    781.1990356    292.5205994    213.5755615    0.0012145    -0.0005137    -0.0007008    0.0012257    nan    nan
2999    -27.7479000    1.7034900    11.1884000    0.0004552    644.9854736    188.4214783    113.4865952    0.0007284    -0.0002918    -0.0004366    0.0007353    nan    nan
3045    -27.6861000    1.6458700    11.1884000    0.0005338    1067.9143066    546.0538940    499.9973145    0.0022351    -0.0010715    -0.0011637    0.0022459    nan    nan
3046    -27.6920000    1.6633000    11.1884000    0.0005150    1039.1187744    522.4363403    468.2911987    0.0021784    -0.0010214    -0.0011570    0.0021907    nan    nan
3047    -27.7024000    1.6782700    11.1884000    0.0004918    980.0037842    472.2131348    406.2496643    0.0020572    -0.0009310    -0.0011262    0.0020717    nan    nan
3591    -27.7157000    1.6899200    10.8240000    0.0004783    902.9501343    410.4657593    324.1487732    0.0017814    -0.0007532    -0.0010282    0.0017992    nan    nan
3592    -27.7309000    1.6985200    10.8240000    0.0005032    790.0681152    306.0449829    217.9061584    0.0012779    -0.0005286    -0.0007493    0.0012916    nan    nan
3593    -27.7479000    1.7035000    10.8240000    0.0004954    653.4288940    199.1481781    115.1468735    0.0007575    -0.0002972    -0.0004603    0.0007656    nan    nan
3639    -27.6861000    1.6458700    10.8240000    0.0005811    1082.3529053    564.5119629    509.6904297    0.0023237    -0.0010983    -0.0012254    0.0023358    nan    nan
3640    -27.6920000    1.6633000    10.8240000    0.0005606    1052.9393310    540.3330078    477.5018311    0.0022670    -0.0010464    -0.0012206    0.0022809    nan    nan
3641    -27.7024000    1.6782800    10.8240000    0.0005353    991.9161377    488.5247803    413.6239624    0.0021419    -0.0009527    -0.0011892    0.0021586    nan    nan
4185    -27.7157000    1.6899200    10.4274000    0.0005206    912.5512695    424.2362061    329.7159424    0.0018676    -0.0007739    -0.0010937    0.0018885    nan    nan
4186    -27.7309000    1.6985300    10.4274000    0.0005477    798.9231567    319.1582336    222.8908386    0.0013525    -0.0005477    -0.0008048    0.0013692    nan    nan
4187    -27.7479000    1.7035100    10.4274000    0.0005392    661.7037354    208.8345184    117.2147140    0.0007886    -0.0003046    -0.0004840    0.0007978    nan    nan
4233    -27.6861000    1.6458700    10.4274000    0.0006325    1090.9760742    577.6327515    513.6348267    0.0023995    -0.0011169    -0.0012827    0.0024131    nan    nan
4234    -27.6920000    1.6633000    10.4274000    0.0006102    1061.6005859    553.3869629    481.7028503    0.0023445    -0.0010646    -0.0012799    0.0023603    nan    nan
4235    -27.7024000    1.6782800    10.4274000    0.0005827    1001.1802978    502.0852051    418.6318665    0.0022249    -0.0009727    -0.0012522    0.0022441    nan    nan
4779    -27.7157000    1.6899300    9.9957300    0.0005666    919.5850830    434.8676758    333.4106445    0.0019408    -0.0007902    -0.0011506    0.0019646    nan    nan
4780    -27.7309000    1.6985400    9.9957400    0.0005961    805.5061035    329.5239868    226.1996155    0.0014165    -0.0005627    -0.0008538    0.0014361    nan    nan
4781    -27.7479000    1.7035200    9.9957400    0.0005869    668.2182617    216.6695099    118.5774460    0.0008130    -0.0003097    -0.0005033    0.0008233    nan    nan
4826    -27.7636000    1.7043400    9.9957400    0.0004646    531.3706665    120.1848450    48.9675026    0.0001066    -0.0000422    -0.0000644    0.0001075    nan    nan
4827    -27.6861000    1.6458700    9.9957300    0.0006884    1100.3165283    590.3054810    519.3305054    0.0024738    -0.0011370    -0.0013368    0.0024889    nan    nan
4828    -27.6920000    1.6633000    9.9957300    0.0006642    1070.6402588    565.7342529    487.2419128    0.0024191    -0.0010838    -0.0013353    0.0024369    nan    nan
4829    -27.7024000    1.6782900    9.9957300    0.0006342    1009.2495727    513.5955811    423.3091431    0.0022985    -0.0009904    -0.0013081    0.0023201    nan    nan
5373    -27.7157000    1.6899300    9.5258800    0.0006168    926.6760254    445.0548401    337.5530701    0.0020146    -0.0008074    -0.0012072    0.0020415    nan    nan
5374    -27.7309000    1.6985500    9.5258800    0.0006489    812.0257568    339.2536926    229.8878784    0.0014806    -0.0005780    -0.0009026    0.0015032    nan    nan
5375    -27.7479000    1.7035300    9.5258800    0.0006388    674.3238525    223.6973572    120.0529404    0.0008366    -0.0003151    -0.0005215    0.0008478    nan    nan
5420    -27.7636000    1.7043500    9.5258900    0.0005056    536.2056885    126.8209534    49.3455162    0.0001226    -0.0000476    -0.0000750    0.0001237    nan    nan
5421    -27.6861000    1.6458700    9.5258800    0.0007493    1107.2075195    600.4450684    522.8757324    0.0025403    -0.0011533    -0.0013870    0.0025571    nan    nan
5422    -27.6920000    1.6633100    9.5258800    0.0007229    1077.4910889    575.7506714    490.9084167    0.0024864    -0.0010998    -0.0013866    0.0025062    nan    nan
5423    -27.7024000    1.6782900    9.5258800    0.0006903    1016.3184204    523.7741089    427.3452148    0.0023688    -0.0010071    -0.0013617    0.0023928    nan    nan
5967    -27.7157000    1.6899400    9.0144800    0.0006713    932.2606201    453.4298096    340.5692139    0.0020799    -0.0008217    -0.0012582    0.0021097    nan    nan
5968    -27.7309000    1.6985500    9.0144800    0.0007062    817.3284912    347.4272766    232.7378845    0.0015376    -0.0005908    -0.0009468    0.0015632    nan    nan
5969    -27.7479000    1.7035300    9.0144900    0.0006953    679.5766602    229.7515411    121.1844025    0.0008572    -0.0003196    -0.0005376    0.0008693    nan    nan
6014    -27.7637000    1.7043600    9.0144900    0.0005504    540.5613403    132.7064362    49.6854019    0.0001374    -0.0000524    -0.0000850    0.0001388    nan    nan
6015    -27.6861000    1.6458700    9.0144800    0.0008155    1114.0800781    610.0287476    526.8944702    0.0026046    -0.0011697    -0.0014349    0.0026230    nan    nan
6016    -27.6920000    1.6633100    9.0144800    0.0007869    1084.1943359    585.1175537    494.8824158    0.0025509    -0.0011155    -0.0014354    0.0025727    nan    nan
6017    -27.7024000    1.6782900    9.0144800    0.0007514    1022.4838257    532.6505737    430.8915405    0.0024332    -0.0010221    -0.0014111    0.0024595    nan    nan
6561    -27.7157000    1.6899400    8.4578700    0.0007307    937.7485352    461.3583374    343.7651367    0.0021434    -0.0008359    -0.0013076    0.0021762    nan    nan
6562    -27.7309000    1.6985600    8.4578700    0.0007687    822.3875122    354.9874268    235.6305695    0.0015927    -0.0006032    -0.0009896    0.0016213    nan    nan
6563    -27.7479000    1.7035400    8.4578700    0.0007568    684.4293213    235.2054901    122.2958298    0.0008767    -0.0003240    -0.0005527    0.0008896    nan    nan
6608    -27.7637000    1.7043600    8.4578700    0.0005990    544.4805908    137.9097900    49.9792404    0.0001512    -0.0000567    -0.0000945    0.0001529    nan    nan
6609    -27.6861000    1.6458700    8.4578600    0.0008877    1119.6494141    618.1330566    529.8867188    0.0026630    -0.0011837    -0.0014793    0.0026831    nan    nan
6610    -27.6920000    1.6633100    8.4578700    0.0008564    1089.7080078    593.0976562    497.9425049    0.0026098    -0.0011292    -0.0014806    0.0026335    nan    nan
6611    -27.7024000    1.6783000    8.4578700    0.0008178    1028.0532227    540.6452637    434.1274719    0.0024938    -0.0010360    -0.0014578    0.0025224    nan    nan
7155    -27.7157000    1.6899500    7.8520400    0.0007953    942.3017578    468.1212769    346.2911377    0.0022008    -0.0008482    -0.0013526    0.0022363    nan    nan
7156    -27.7309000    1.6985600    7.8520400    0.0008367    826.7207031    361.5667725    238.0508575    0.0016431    -0.0006140    -0.0010291    0.0016745    nan    nan
7157    -27.7479000    1.7035500    7.8520400    0.0008237    688.6783447    239.9900818    123.2276154    0.0008939    -0.0003278    -0.0005661    0.0009075    nan    nan
7159    -27.6985000    1.7764100    7.8520400    0.0024300    632.7832031    198.0115051    145.7766418    0.0001029    -0.0000399    -0.0000629    0.0001040    nan    nan
7202    -27.7637000    1.7043700    7.8520500    0.0006520    548.0663452    142.5837708    50.2717896    0.0001642    -0.0000607    -0.0001034    0.0001661    nan    nan
7203    -27.6861000    1.6458700    7.8520400    0.0009662    1124.9703369    625.6579590    532.9450073    0.0027184    -0.0011972    -0.0015212    0.0027401    nan    nan
7204    -27.6920000    1.6633100    7.8520400    0.0009322    1094.9235840    600.4653931    500.9990234    0.0026654    -0.0011423    -0.0015231    0.0026910    nan    nan
7205    -27.7024000    1.6783000    7.8520400    0.0008901    1032.9525147    547.7016602    436.9693298    0.0025494    -0.0010485    -0.0015009    0.0025803    nan    nan
7749    -27.7157000    1.6899500    7.1926500    0.0008656    946.6123047    474.3791504    348.7963562    0.0022550    -0.0008598    -0.0013952    0.0022932    nan    nan
7750    -27.7309000    1.6985700    7.1926500    0.0009106    830.7174683    367.5051575    240.3750610    0.0016894    -0.0006238    -0.0010656    0.0017236    nan    nan
7751    -27.7479000    1.7035500    7.1926500    0.0008965    692.5187378    244.4719238    124.2013474    0.0009129    -0.0003322    -0.0005806    0.0009273    nan    nan
7753    -27.6985000    1.7764100    7.1926500    0.0026449    636.3078613    202.3939819    146.8209839    0.0001122    -0.0000429    -0.0000693    0.0001136    nan    nan
7796    -27.7637000    1.7043800    7.1926600    0.0007096    551.2648926    146.7180023    50.5186501    0.0001760    -0.0000643    -0.0001117    0.0001782    nan    nan
7797    -27.6861000    1.6458700    7.1926500    0.0010516    1129.4510498    632.1508789    535.4057007    0.0027687    -0.0012090    -0.0015597    0.0027921    nan    nan
7798    -27.6920000    1.6633100    7.1926500    0.0010146    1099.3513184    606.8503418    503.5006714    0.0027160    -0.0011537    -0.0015622    0.0027435    nan    nan
7799    -27.7024000    1.6783000    7.1926500    0.0009688    1037.3710938    554.0571899    439.5442505    0.0026016    -0.0010602    -0.0015414    0.0026347    nan    nan
8343    -27.7157000    1.6899500    6.4749700    0.0009421    950.2368164    479.7716064    350.8037415    0.0023042    -0.0008699    -0.0014343    0.0023450    nan    nan
8344    -27.7309000    1.6985700    6.4749700    0.0009912    834.1126709    372.6140747    242.2906494    0.0017308    -0.0006323    -0.0010985    0.0017675    nan    nan
8345    -27.7479000    1.7035600    6.4749700    0.0009758    695.9277344    248.7237854    125.2798538    0.0009339    -0.0003374    -0.0005965    0.0009494    nan    nan
8347    -27.6985000    1.7764100    6.4749700    0.0028787    639.4505005    206.2598877    147.7595673    0.0001202    -0.0000454    -0.0000748    0.0001218    nan    nan
8390    -27.7637000    1.7043800    6.4749700    0.0007724    554.1481934    150.3979950    50.7591934    0.0001869    -0.0000675    -0.0001194    0.0001894    nan    nan
8391    -27.6861000    1.6458700    6.4749600    0.0011446    1133.5255127    637.9891357    537.7100830    0.0028148    -0.0012198    -0.0015950    0.0028397    nan    nan
8392    -27.6920000    1.6633100    6.4749600    0.0011043    1103.3581543    612.5790405    505.8136597    0.0027625    -0.0011643    -0.0015982    0.0027917    nan    nan
8393    -27.7024000    1.6783000    6.4749600    0.0010545    1041.1870117    559.6211548    441.7118835    0.0026498    -0.0010709    -0.0015789    0.0026849    nan    nan
