2 49 
1263 -27.6806 1.64584 12.1146 0.00041311167297 553.676818848 242.147567749 156.001617432 0.000112953879579 -4.32260276284e-05 -6.9727851951e-05 0.000114397953439 
1857 -27.6806 1.64584 11.832 0.000449657440186 565.269775391 241.846374512 178.724960327 0.000131518318085 -5.46307710465e-05 -7.68875470385e-05 0.000132635599584 
2451 -27.6806 1.64584 11.5243 0.000489448662847 580.988830566 252.384597778 195.518844604 0.00016182057152 -6.8724162702e-05 -9.30964015424e-05 0.00016304460587 
2452 -27.6865 1.66321 11.5243 0.00047226564493 568.452941895 231.754333496 182.279556274 0.000113392263302 -4.91979662911e-05 -6.41942897346e-05 0.0001141292596 
3045 -27.6806 1.64584 11.1895 0.000532737816684 590.18371582 256.104644775 206.898788452 0.000183121170267 -7.9764307884e-05 -0.000103356869658 0.00018432737852 
3046 -27.6865 1.66321 11.1895 0.000514036451932 578.226989746 235.831222534 194.153640747 0.000137292474392 -6.11017021583e-05 -7.61907722335e-05 0.000138070361572 
3639 -27.6806 1.64584 10.825 0.000579858198762 599.200744629 261.113525391 216.631729126 0.000204378491617 -9.04053740669e-05 -0.000113973110274 0.000205618111067 
3640 -27.6865 1.66321 10.825 0.000559500476811 586.484375 240.085800171 203.296951294 0.000156495385454 -7.07510916982e-05 -8.57443010318e-05 0.000157313173986 
4233 -27.6807 1.64584 10.4284 0.000631139439065 606.280639648 264.578552246 224.388397217 0.000222241695155 -9.96480957838e-05 -0.000122593599372 0.000223496259423 
4234 -27.6865 1.66321 10.4284 0.0006089816452 593.695129395 243.577789307 211.183486938 0.00017527944874 -8.03372968221e-05 -9.4942159194e-05 0.000176136018126 
4827 -27.6807 1.64584 9.99661 0.000686953775585 612.903991699 268.086029053 231.328811646 0.00023951329058 -0.000108543565148 -0.000130969725433 0.000240793815465 
4828 -27.6865 1.66321 9.99661 0.000662835082039 599.919128418 246.674957275 217.819244385 0.000191590370378 -8.87674177648e-05 -0.000102822945337 0.00019248163153 
4829 -27.6969 1.67812 9.99661 0.000633040734101 567.87701416 207.201568604 190.890594482 0.000114794631372 -5.52127676201e-05 -5.95818637521e-05 0.000115219350846 
5421 -27.6807 1.64584 9.5267 0.000747698184568 618.597412109 270.997711182 237.262023926 0.00025474964059 -0.000116512397653 -0.000138237228384 0.000256051338511 
5422 -27.6865 1.66321 9.5267 0.000721446645912 605.584350586 249.503936768 223.748794556 0.000207109857001 -9.68516906141e-05 -0.000110258166387 0.000208036566619 
5423 -27.6969 1.67813 9.5267 0.000689016364049 573.140869141 209.643371582 196.588165283 0.000130657354021 -6.34504613117e-05 -6.72068999847e-05 0.000131138745928 
6015 -27.6807 1.64584 9.01524 0.000813815684523 623.854675293 273.756866455 242.628707886 0.000269137060968 -0.000124055295601 -0.000145081765368 0.000270462827757 
6016 -27.6865 1.66321 9.01524 0.000785241718404 610.600646973 252.005386353 228.934295654 0.000220985646592 -0.000104157079477 -0.000116828567116 0.000221944923396 
6017 -27.6969 1.67813 9.01524 0.000749942671973 577.84954834 211.848892212 201.603637695 0.000145000420162 -7.09836967872e-05 -7.40167160984e-05 0.000145534359035 
6609 -27.6807 1.64584 8.45856 0.000885775429197 628.505737305 276.155303955 247.341140747 0.000282002030872 -0.000130870204885 -0.000151131840539 0.000283349276287 
6610 -27.6865 1.66321 8.45856 0.000854674493894 615.172424316 254.289703369 233.593887329 0.000233836442931 -0.000110970540845 -0.000122865923913 0.000234827428358 
6611 -27.6969 1.67813 8.45856 0.000816252955701 582.105529785 213.849121094 206.060897827 0.000158015303896 -7.78751200414e-05 -8.01401911303e-05 0.000158598457347 
7203 -27.6807 1.64584 7.85267 0.000964095932432 632.768676758 278.377990723 251.607467651 0.000293969933409 -0.000137232505949 -0.000156737412908 0.000295339239528 
7204 -27.6865 1.66321 7.85267 0.000930244161282 619.272766113 256.331542969 237.736923218 0.000245461851591 -0.000117183219118 -0.00012827863975 0.000246482581133 
7205 -27.6969 1.67813 7.85267 0.00088842434343 585.944274902 215.670639038 210.024124146 0.000169846214703 -8.41496002977e-05 -8.56966216816e-05 0.00017047575966 
7797 -27.6807 1.64584 7.19322 0.00104934012052 636.594787598 280.366912842 255.41078186 0.000304822373437 -0.000143036319059 -0.000161786054377 0.000306212576106 
7798 -27.6865 1.66321 7.19322 0.00101249478757 623.008911133 258.205932617 241.475204468 0.000256201281445 -0.000122948724311 -0.000133252557134 0.000257250998402 
7799 -27.6969 1.67813 7.19322 0.000966976105701 589.426574707 217.363723755 213.555862427 0.000180728849955 -8.98165308172e-05 -9.09123118618e-05 0.000181402763701 
8391 -27.6807 1.64584 6.47547 0.00114211905748 640.051391602 282.172454834 258.819030762 0.00031472867704 -0.000148352584802 -0.000166376063135 0.000316139223287 
8392 -27.6865 1.66321 6.47547 0.00110201514326 626.347961426 259.878326416 244.795578003 0.00026588171022 -0.000128175262944 -0.000137706432724 0.000266958522843 
8393 -27.6969 1.67813 6.47547 0.00105247087777 592.547424316 218.963348389 216.617538452 0.000190550024854 -9.46490836213e-05 -9.59009412327e-05 0.000191265411559 
8985 -27.6807 1.64584 5.69426 0.00124309840612 643.120239258 283.778076172 261.829284668 0.000323603861034 -0.000153133601998 -0.000170470273588 0.000325033528497 
8986 -27.6865 1.66322 5.69426 0.00119944824837 629.335449219 261.384887695 247.746673584 0.00027463954757 -0.000132919522002 -0.000141720011015 0.000275742000667 
8987 -27.6969 1.67813 5.69426 0.00114552245941 595.33380127 220.658233643 219.075485229 0.000199454472749 -9.88119863905e-05 -0.000100642479083 0.000200208814931 
9579 -27.6807 1.64584 4.844 0.00135300378315 645.807250977 285.187896729 264.450256348 0.000331426825142 -0.000157359871082 -0.000174066939508 0.000332874071319 
9580 -27.6865 1.66322 4.844 0.00130549387541 631.93536377 262.694213867 250.302398682 0.000282295397483 -0.000137084833113 -0.000145210593473 0.000283420929918 
9581 -27.6969 1.67813 4.844 0.0012467992492 597.762023926 222.616256714 220.72366333 0.000207229648368 -0.00010236610251 -0.000104863538581 0.000208018987905 
10173 -27.6807 1.64584 3.91856 0.00147262343671 648.073913574 286.374359131 266.652679443 0.000338046753313 -0.000160948970006 -0.000177097754204 0.000339509249898 
10174 -27.6865 1.66322 3.91856 0.00142091256566 634.138366699 263.804748535 252.458450317 0.000288808019832 -0.000140639880556 -0.000148168153828 0.000289953721222 
10175 -27.6969 1.67813 3.91857 0.00135702791158 599.816650391 224.521286011 221.860275269 0.000213800230995 -0.000105336221168 -0.000108464017103 0.000214619911276 
10767 -27.6807 1.64584 2.91132 0.00160281488206 649.903442383 287.338500977 268.423309326 0.000343411316862 -0.000163861259352 -0.00017955005751 0.00034488667734 
10768 -27.6865 1.66322 2.91132 0.00154653191566 635.910583496 264.702514648 254.187484741 0.000294073077384 -0.000143520112033 -0.000150552979903 0.000295235513477 
10769 -27.6969 1.67813 2.91132 0.00147699855734 601.471252441 226.116287231 222.716049194 0.000219154549995 -0.000107742846012 -0.000111411696707 0.000219999492401 
11361 -27.6807 1.64584 1.81504 0.00174451165367 651.218200684 288.031311035 269.694152832 0.000347276043613 -0.000165963894688 -0.000181312148925 0.000348760833731 
11362 -27.6865 1.66322 1.81504 0.00168325263076 637.187255859 265.350311279 255.431121826 0.000297875289107 -0.00014560452837 -0.000152270760736 0.000299050007015 
11363 -27.6969 1.67813 1.81504 0.0016075714957 602.661743164 227.276672363 223.316940308 0.000222998205572 -0.000109462642286 -0.000113535563287 0.000223861585255 
11955 -27.6807 1.64584 0.62185 0.00189873040654 651.936767578 288.416015625 270.387237549 0.000349369365722 -0.000167102785781 -0.000182266550837 0.000350859336322 
11956 -27.6865 1.66322 0.62185 0.00183205574285 637.883483887 265.70880127 256.108032227 0.000299929059111 -0.000146731326822 -0.000153197732288 0.000301110500004 
11957 -27.6969 1.67813 0.62185 0.00174968375359 603.311401367 227.912139893 223.646484375 0.000225082520046 -0.000110393506475 -0.000114689006296 0.000225955998758 