8 536 
621    -27.7262000    1.6904200    12.3697000    0.0003131    934.4489746    385.1474915    300.1580200    0.0099341    -0.0043383    -0.0055959    0.0101180    nan    nan
622    -27.7414000    1.6992100    12.3698000    0.0003295    839.7952271    316.6995850    198.1842041    0.0091601    -0.0035944    -0.0055658    0.0094254    nan    nan
623    -27.7584000    1.7043700    12.3699000    0.0003244    728.1256104    230.0017700    88.7512894    0.0073323    -0.0026010    -0.0047313    0.0076080    nan    nan
624    -27.7472000    1.7879600    12.3701000    0.0009372    639.0944824    129.7062531    47.1782837    0.0030301    -0.0012010    -0.0018291    0.0030927    nan    nan
625    -27.7090000    1.7770100    12.3699000    0.0009571    710.7648315    179.2209625    125.6552582    0.0035227    -0.0015218    -0.0020010    0.0035779    nan    nan
626    -27.6748000    1.7571400    12.3698000    0.0009225    761.9289551    253.2906342    166.1810608    0.0032160    -0.0012090    -0.0020070    0.0032903    nan    nan
628    -27.7262000    1.9476800    12.3703000    0.0045929    516.4311523    30.3514729    -25.8741436    0.0004963    -0.0002018    -0.0002945    0.0005031    nan    nan
630    -27.6484000    1.9248100    12.3702000    0.0045723    572.8331299    86.9014969    10.9883423    0.0007472    -0.0003005    -0.0004467    0.0007587    nan    nan
632    -27.5783000    1.8834300    12.3700000    0.0045453    611.0889282    169.4675598    26.2635841    0.0007017    -0.0002158    -0.0004860    0.0007250    nan    nan
633    -27.7861000    1.9551800    12.3704000    0.0022772    468.3564453    7.7449551    -49.7010384    0.0002395    -0.0000912    -0.0001483    0.0002425    nan    nan
662    -27.8248000    1.7082500    12.3703000    0.0003974    405.8884277    0.7442403    -148.2804413    0.0001112    -0.0000244    -0.0000868    0.0001173    nan    nan
663    -27.8233000    1.7916300    12.3704000    0.0005208    483.0985413    9.0658913    -69.3949966    0.0004460    -0.0001631    -0.0002829    0.0004547    nan    nan
664    -27.8054000    1.7064900    12.3702000    0.0003321    465.3813171    15.7648268    -113.8468094    0.0008661    -0.0002497    -0.0006164    0.0009051    nan    nan
665    -27.8015000    1.7903200    12.3703000    0.0005039    529.0668335    42.6454353    -41.4705887    0.0011557    -0.0004305    -0.0007253    0.0011812    nan    nan
666    -27.7887000    1.7052000    12.3701000    0.0002722    528.5244751    52.0657654    -63.4844666    0.0022030    -0.0007313    -0.0014718    0.0022876    nan    nan
667    -27.7789000    1.7904200    12.3702000    0.0005823    574.5075684    79.3577499    -7.2547765    0.0019853    -0.0007556    -0.0012296    0.0020297    nan    nan
668    -27.7742000    1.7053300    12.3701000    0.0002568    614.8115234    127.3984070    -0.2214035    0.0042817    -0.0014876    -0.0027941    0.0044453    nan    nan
669    -27.6966000    1.6459300    12.3695000    0.0003804    1077.0692139    517.0333252    451.0845947    0.0095783    -0.0042972    -0.0052811    0.0096688    nan    nan
670    -27.7025000    1.6634900    12.3695000    0.0003670    1054.7078857    486.7154236    433.1058044    0.0098054    -0.0045967    -0.0052087    0.0098997    nan    nan
671    -27.7129000    1.6786100    12.3696000    0.0003505    1007.1702270    438.5194092    385.1086121    0.0100906    -0.0048368    -0.0052537    0.0102109    nan    nan
672    -27.6459000    1.7296800    12.3697000    0.0009317    786.3259888    355.9465332    165.5877533    0.0025474    -0.0005731    -0.0019743    0.0027109    nan    nan
673    -27.6246000    1.6954300    12.3697000    0.0008931    780.3925781    471.7195129    152.6510925    0.0018093    0.0000291    -0.0018384    0.0021406    nan    nan
674    -27.6131000    1.6567800    12.3696000    0.0008646    749.7524414    562.4033813    141.7536316    0.0013238    0.0004004    -0.0017242    0.0018368    nan    nan
675    -27.5211000    1.8253700    12.3699000    0.0045577    622.2169189    264.1298828    19.8643398    0.0004812    -0.0000664    -0.0004148    0.0005256    nan    nan
676    -27.4811000    1.7546900    12.3699000    0.0044886    597.9039917    359.5911865    6.2725978    0.0002817    0.0000286    -0.0003102    0.0003449    nan    nan
677    -27.4622000    1.6768300    12.3698000    0.0043651    546.6583252    444.8352661    -1.2182944    0.0001832    0.0000726    -0.0002558    0.0002650    nan    nan
1215    -27.7262000    1.6905600    12.1106000    0.0003414    1200.2773438    723.3447266    518.9689331    0.0114365    -0.0036926    -0.0077439    0.0118261    nan    nan
1216    -27.7415000    1.6993600    12.1107000    0.0003591    1072.9705810    600.1096802    400.5712280    0.0100949    -0.0032314    -0.0068635    0.0104760    nan    nan
1217    -27.7585000    1.7045300    12.1107000    0.0003535    918.7811279    445.5889587    260.7392578    0.0079083    -0.0025744    -0.0053339    0.0081907    nan    nan
1218    -27.7473000    1.7880700    12.1108000    0.0010208    760.4661255    253.7631836    165.6528473    0.0028243    -0.0011266    -0.0016977    0.0028692    nan    nan
1219    -27.7091000    1.7771100    12.1107000    0.0010428    882.7064819    361.8152771    290.9712219    0.0031568    -0.0013171    -0.0018397    0.0031983    nan    nan
1220    -27.6749000    1.7572400    12.1106000    0.0010053    975.1481323    465.4835205    380.0839539    0.0028498    -0.0010772    -0.0017727    0.0029006    nan    nan
1222    -27.7264000    1.9477900    12.1108000    0.0050006    573.3858032    107.8331757    10.3096542    0.0005294    -0.0002061    -0.0003232    0.0005375    nan    nan
1224    -27.6485000    1.9249200    12.1107000    0.0049788    653.0751953    192.3873749    74.5805664    0.0007738    -0.0002736    -0.0005002    0.0007907    nan    nan
1226    -27.5784000    1.8835300    12.1106000    0.0049500    706.3734131    291.5386353    108.8519440    0.0007577    -0.0001911    -0.0005666    0.0007934    nan    nan
1227    -27.7863000    1.9552900    12.1109000    0.0024791    506.1727600    63.1265640    -35.4753418    0.0002675    -0.0001027    -0.0001649    0.0002707    nan    nan
1229    -27.8235000    1.9552400    12.1110000    0.0022125    465.7326355    44.5328331    -55.5473175    0.0001311    -0.0000492    -0.0000819    0.0001327    nan    nan
1255    -27.8456000    1.7935000    12.1109000    0.0005311    465.5006409    8.8010035    -94.6433563    0.0001775    -0.0000647    -0.0001128    0.0001805    nan    nan
1256    -27.8250000    1.7083800    12.1109000    0.0004326    472.8492737    10.2838993    -96.6790466    0.0004364    -0.0001580    -0.0002783    0.0004453    nan    nan
1257    -27.8235000    1.7917400    12.1109000    0.0005670    515.5308228    36.7049713    -50.1217537    0.0005831    -0.0002289    -0.0003542    0.0005908    nan    nan
1258    -27.8055000    1.7066300    12.1108000    0.0003616    542.7754517    32.6297264    -16.3401508    0.0012178    -0.0005262    -0.0006916    0.0012325    nan    nan
1259    -27.8017000    1.7904300    12.1109000    0.0005486    582.2766724    85.3127975    11.9823723    0.0012505    -0.0005095    -0.0007411    0.0012661    nan    nan
1260    -27.7889000    1.7053400    12.1108000    0.0002964    635.2225952    121.3028870    52.3489342    0.0025324    -0.0010858    -0.0014466    0.0025672    nan    nan
1261    -27.7791000    1.7905400    12.1108000    0.0006340    651.8004150    149.3581543    70.1922379    0.0019659    -0.0007919    -0.0011740    0.0019937    nan    nan
1262    -27.7743000    1.7054800    12.1108000    0.0002797    760.5228271    270.5545044    135.8974915    0.0045978    -0.0016995    -0.0028983    0.0047053    nan    nan
1263    -27.6966000    1.6459500    12.1106000    0.0004147    1380.0590820    883.0163574    701.2980957    0.0120024    -0.0043713    -0.0076311    0.0122645    nan    nan
1264    -27.7025000    1.6635600    12.1106000    0.0004001    1352.4161377    860.0881958    671.5478516    0.0121273    -0.0042960    -0.0078313    0.0124222    nan    nan
1265    -27.7129000    1.6787300    12.1106000    0.0003821    1293.7745361    808.3659668    611.0500488    0.0120927    -0.0041020    -0.0079907    0.0124347    nan    nan
1266    -27.6460000    1.7297500    12.1106000    0.0010155    1031.4385986    583.6792603    413.8408203    0.0023065    -0.0005809    -0.0017256    0.0024172    nan    nan
1267    -27.6247000    1.6954800    12.1105000    0.0009735    1049.9853516    700.0270386    418.2199402    0.0017250    -0.0000904    -0.0016346    0.0019532    nan    nan
1268    -27.6132000    1.6568000    12.1105000    0.0009424    1044.9545898    773.4379883    416.7128296    0.0014029    0.0001784    -0.0015813    0.0017410    nan    nan
1269    -27.5212000    1.8254500    12.1106000    0.0049636    722.4045410    391.0650330    112.6126633    0.0005962    -0.0000509    -0.0005453    0.0006648    nan    nan
1270    -27.4812000    1.7547400    12.1105000    0.0048885    704.8157349    482.1054077    103.0175934    0.0004300    0.0000628    -0.0004929    0.0005392    nan    nan
1271    -27.4622000    1.6768500    12.1105000    0.0047539    666.9857178    555.7145996    94.2210999    0.0003179    0.0001368    -0.0004547    0.0004687    nan    nan
1809    -27.7263000    1.6905600    11.8283000    0.0003715    1176.5200195    760.3138428    477.6602783    0.0120294    -0.0029922    -0.0090372    0.0127123    nan    nan
1810    -27.7415000    1.6993800    11.8284000    0.0003908    1063.2816162    644.7092285    371.6684875    0.0109903    -0.0027141    -0.0082762    0.0116436    nan    nan
1811    -27.7585000    1.7045700    11.8284000    0.0003848    929.4231567    505.8434448    249.4937134    0.0089523    -0.0022407    -0.0067116    0.0094593    nan    nan
1812    -27.7474000    1.7880800    11.8284000    0.0011114    810.4535522    328.3664551    193.9078217    0.0031875    -0.0011199    -0.0020676    0.0032572    nan    nan
1813    -27.7091000    1.7770900    11.8283000    0.0011353    923.7039795    425.6349487    314.4654541    0.0032364    -0.0012546    -0.0019818    0.0032870    nan    nan
1814    -27.6750000    1.7572100    11.8283000    0.0010944    1018.5615234    492.6380920    437.1013794    0.0026143    -0.0011550    -0.0014594    0.0026391    nan    nan
1816    -27.7265000    1.9478100    11.8284000    0.0054441    629.2019653    137.4050293    72.2323837    0.0006994    -0.0002971    -0.0004024    0.0007074    nan    nan
1818    -27.6486000    1.9249100    11.8283000    0.0054208    717.9611816    227.8554840    152.5888062    0.0008897    -0.0003635    -0.0005262    0.0009009    nan    nan
1820    -27.5784000    1.8835100    11.8283000    0.0053896    779.0941162    327.9104309    195.2209320    0.0007320    -0.0002395    -0.0004925    0.0007508    nan    nan
1821    -27.7863000    1.9553400    11.8285000    0.0026988    556.9396973    80.2219772    9.0134420    0.0003626    -0.0001530    -0.0002096    0.0003645    nan    nan
1823    -27.8235000    1.9553000    11.8285000    0.0024085    509.2508850    54.1555557    -17.8114243    0.0002232    -0.0000937    -0.0001295    0.0002243    nan    nan
1849    -27.8457000    1.7935700    11.8285000    0.0005782    517.0391235    20.0772572    -31.0359497    0.0002406    -0.0001044    -0.0001363    0.0002416    nan    nan
1850    -27.8250000    1.7084600    11.8285000    0.0004710    539.1370239    21.5092335    1.2822814    0.0004512    -0.0002124    -0.0002388    0.0004525    nan    nan
1851    -27.8235000    1.7918000    11.8285000    0.0006173    575.2426758    70.4692917    17.6240425    0.0007935    -0.0003417    -0.0004518    0.0007981    nan    nan
1852    -27.8055000    1.7067100    11.8284000    0.0003937    607.3092651    106.7266006    31.9155083    0.0014297    -0.0005958    -0.0008339    0.0014434    nan    nan
1853    -27.8018000    1.7904800    11.8284000    0.0005973    642.9498291    147.3818970    60.1164169    0.0016026    -0.0006313    -0.0009714    0.0016211    nan    nan
1854    -27.7889000    1.7054200    11.8284000    0.0003227    685.3836060    219.4027557    66.7096710    0.0029795    -0.0010089    -0.0019706    0.0030565    nan    nan
1855    -27.7792000    1.7905700    11.8284000    0.0006903    708.5986938    221.4978790    107.6371002    0.0023642    -0.0008613    -0.0015029    0.0024061    nan    nan
1856    -27.7743000    1.7055500    11.8284000    0.0003045    792.7267456    354.2111206    139.1646729    0.0053240    -0.0014953    -0.0038287    0.0055516    nan    nan
1857    -27.6966000    1.6459500    11.8283000    0.0004513    1346.8275147    921.9779663    650.0206299    0.0118483    -0.0033764    -0.0084718    0.0123801    nan    nan
1858    -27.7025000    1.6635600    11.8283000    0.0004354    1319.4417725    897.2595215    621.2470703    0.0121161    -0.0033522    -0.0087639    0.0126899    nan    nan
1859    -27.7129000    1.6787200    11.8283000    0.0004158    1263.2841797    844.0504761    563.5070190    0.0123371    -0.0032544    -0.0090827    0.0129683    nan    nan
1860    -27.6461000    1.7297300    11.8283000    0.0011056    1087.1038818    585.4283447    504.1108093    0.0018453    -0.0006671    -0.0011782    0.0018836    nan    nan
1861    -27.6247000    1.6954600    11.8283000    0.0010599    1122.4158935    712.9895020    512.5687256    0.0011540    -0.0002112    -0.0009428    0.0012370    nan    nan
1862    -27.6133000    1.6568000    11.8282000    0.0010262    1130.2799072    798.6384277    514.6208496    0.0008429    -0.0000307    -0.0008122    0.0009624    nan    nan
1863    -27.5212000    1.8254300    11.8282000    0.0054045    803.6377563    432.0059509    202.0474854    0.0004300    -0.0000768    -0.0003532    0.0004608    nan    nan
1864    -27.4813000    1.7547300    11.8282000    0.0053228    788.2959595    532.9754639    190.6533356    0.0001796    0.0000059    -0.0001855    0.0002113    nan    nan
2403    -27.7263000    1.6905900    11.5209000    0.0004045    1220.3614502    803.9680786    519.2011719    0.0125187    -0.0030586    -0.0094601    0.0132437    nan    nan
2404    -27.7415000    1.6994200    11.5209000    0.0004255    1099.6844482    683.6671753    405.0024109    0.0114769    -0.0027299    -0.0087470    0.0121939    nan    nan
2405    -27.7586000    1.7046200    11.5210000    0.0004188    952.0617065    535.3947144    268.6426086    0.0093287    -0.0021927    -0.0071360    0.0099090    nan    nan
2406    -27.7474000    1.7881100    11.5210000    0.0012097    824.1036987    357.1327820    200.1674805    0.0032268    -0.0010445    -0.0021823    0.0033165    nan    nan
2407    -27.7092000    1.7771100    11.5209000    0.0012358    947.1866455    459.8147888    332.2203979    0.0032399    -0.0011958    -0.0020441    0.0033002    nan    nan
2408    -27.6750000    1.7572200    11.5209000    0.0011914    1048.0787353    525.4959717    464.8093567    0.0025685    -0.0011448    -0.0014237    0.0025919    nan    nan
2410    -27.7265000    1.9478300    11.5210000    0.0059262    654.1713867    153.6359406    102.7003555    0.0007223    -0.0003063    -0.0004160    0.0007305    nan    nan
2412    -27.6486000    1.9249200    11.5209000    0.0059009    746.8198853    243.0050049    191.4040222    0.0008752    -0.0003822    -0.0004930    0.0008835    nan    nan
2414    -27.5785000    1.8835100    11.5209000    0.0058670    810.6803589    341.8953552    237.5606995    0.0006635    -0.0002459    -0.0004176    0.0006747    nan    nan
2415    -27.7864000    1.9553700    11.5210000    0.0029377    579.0681763    90.4810028    38.4253044    0.0003717    -0.0001543    -0.0002174    0.0003740    nan    nan
2417    -27.8236000    1.9553300    11.5211000    0.0026217    529.6095581    61.2552071    10.1251364    0.0002276    -0.0000958    -0.0001318    0.0002287    nan    nan
2443    -27.8457000    1.7936200    11.5210000    0.0006294    524.4762573    21.2784328    -15.7312889    0.0001416    -0.0000637    -0.0000779    0.0001419    nan    nan
2444    -27.8251000    1.7085200    11.5210000    0.0005127    529.5065308    20.0559006    -9.2520809    0.0002721    -0.0001245    -0.0001476    0.0002731    nan    nan
2445    -27.8235000    1.7918500    11.5210000    0.0006718    577.7344360    83.0228424    14.4579096    0.0007076    -0.0002879    -0.0004197    0.0007131    nan    nan
2446    -27.8056000    1.7067700    11.5210000    0.0004285    593.6551514    113.2838211    10.2873631    0.0012613    -0.0004707    -0.0007906    0.0012820    nan    nan
2447    -27.8018000    1.7905300    11.5210000    0.0006501    645.2028198    166.3448029    53.2472954    0.0015556    -0.0005599    -0.0009957    0.0015815    nan    nan
2448    -27.7889000    1.7054800    11.5210000    0.0003512    678.7075195    230.9955292    54.3836174    0.0029293    -0.0008890    -0.0020402    0.0030324    nan    nan
2449    -27.7792000    1.7906100    11.5210000    0.0007514    714.7277832    244.5593719    105.2056808    0.0023576    -0.0007816    -0.0015759    0.0024141    nan    nan
2450    -27.7744000    1.7056000    11.5210000    0.0003314    799.0079956    373.7064514    141.2045288    0.0054577    -0.0013968    -0.0040609    0.0057370    nan    nan
2451    -27.6967000    1.6459500    11.5209000    0.0004913    1389.0093994    961.6052856    691.2557373    0.0121881    -0.0034853    -0.0087028    0.0127258    nan    nan
2452    -27.7025000    1.6635700    11.5209000    0.0004741    1363.0447998    938.5470581    663.7524414    0.0124916    -0.0034603    -0.0090313    0.0130766    nan    nan
2453    -27.7129000    1.6787400    11.5209000    0.0004527    1308.3762207    887.5314941    607.1080933    0.0127693    -0.0033493    -0.0094201    0.0134244    nan    nan
2454    -27.6461000    1.7297300    11.5209000    0.0012035    1119.2960205    608.8901978    543.1603394    0.0017855    -0.0006784    -0.0011071    0.0018167    nan    nan
2455    -27.6248000    1.6954600    11.5208000    0.0011538    1155.8060303    734.6738892    550.1885376    0.0011133    -0.0002304    -0.0008828    0.0011828    nan    nan
2456    -27.6133000    1.6568000    11.5208000    0.0011171    1165.6937256    816.2072754    552.2014160    0.0008264    -0.0000643    -0.0007621    0.0009252    nan    nan
2457    -27.5213000    1.8254200    11.5208000    0.0058833    835.4402466    446.0389099    241.8029480    0.0003304    -0.0000765    -0.0002539    0.0003472    nan    nan
2458    -27.4813000    1.7547300    11.5208000    0.0057943    812.7866211    546.2958374    233.4790649    0.0001130    -0.0000029    -0.0001101    0.0001289    nan    nan
2997    -27.7263000    1.6906100    11.1863000    0.0004402    1210.8157959    806.0459595    506.0782471    0.0129931    -0.0029347    -0.0100584    0.0138370    nan    nan
2998    -27.7415000    1.6994500    11.1863000    0.0004631    1095.6916504    689.8471680    397.3405762    0.0119524    -0.0026438    -0.0093086    0.0127765    nan    nan
2999    -27.7586000    1.7046600    11.1863000    0.0004559    957.6375122    549.6557617    270.2484741    0.0097820    -0.0021485    -0.0076335    0.0104491    nan    nan
3000    -27.7475000    1.7881400    11.1863000    0.0013168    838.0555420    379.7059326    208.8594818    0.0033479    -0.0010297    -0.0023182    0.0034536    nan    nan
3001    -27.7092000    1.7771300    11.1863000    0.0013451    960.7576294    483.0131226    340.1047363    0.0033096    -0.0011687    -0.0021409    0.0033812    nan    nan
3002    -27.6750000    1.7572300    11.1863000    0.0012968    1064.2935791    550.1376953    474.6733093    0.0025922    -0.0011360    -0.0014562    0.0026179    nan    nan
3004    -27.7265000    1.9478600    11.1863000    0.0064506    668.6558838    167.6678925    116.7481308    0.0007447    -0.0003080    -0.0004367    0.0007539    nan    nan
3006    -27.6486000    1.9249400    11.1863000    0.0064231    764.4069824    254.7302551    213.3971100    0.0008765    -0.0003905    -0.0004860    0.0008841    nan    nan
3008    -27.5785000    1.8835200    11.1862000    0.0063863    831.2915039    352.5415649    264.8556824    0.0006355    -0.0002518    -0.0003837    0.0006437    nan    nan
3009    -27.7864000    1.9554000    11.1864000    0.0031976    590.8853149    99.9302444    51.8912849    0.0003877    -0.0001558    -0.0002319    0.0003906    nan    nan
3011    -27.8236000    1.9553700    11.1864000    0.0028536    539.8850098    67.9632721    23.5238438    0.0002409    -0.0000982    -0.0001427    0.0002424    nan    nan
3037    -27.8457000    1.7936600    11.1864000    0.0006850    531.4938354    31.7444668    -10.5282221    0.0001366    -0.0000603    -0.0000763    0.0001370    nan    nan
3038    -27.8251000    1.7085700    11.1864000    0.0005580    550.9895630    50.3132286    3.3683262    0.0003490    -0.0001518    -0.0001973    0.0003512    nan    nan
3039    -27.8236000    1.7919000    11.1864000    0.0007313    589.5400391    101.3697052    21.0892429    0.0007443    -0.0002911    -0.0004532    0.0007517    nan    nan
3040    -27.8056000    1.7068200    11.1863000    0.0004664    619.0380249    147.8260498    28.5836124    0.0014207    -0.0005009    -0.0009199    0.0014511    nan    nan
3041    -27.8018000    1.7905700    11.1864000    0.0007076    659.2570801    187.9819489    61.6240311    0.0016454    -0.0005646    -0.0010808    0.0016781    nan    nan
3042    -27.7890000    1.7055300    11.1863000    0.0003823    701.4909058    263.0846558    71.5619125    0.0031772    -0.0009036    -0.0022736    0.0033090    nan    nan
3043    -27.7792000    1.7906500    11.1863000    0.0008179    728.7397461    266.3963928    113.7992325    0.0024703    -0.0007788    -0.0016916    0.0025386    nan    nan
3044    -27.7744000    1.7056500    11.1863000    0.0003608    814.9639893    398.4472656    152.3975677    0.0057925    -0.0013814    -0.0044111    0.0061250    nan    nan
3045    -27.6967000    1.6459600    11.1862000    0.0005347    1380.1826172    966.3766479    678.0766602    0.0126496    -0.0033330    -0.0093166    0.0133026    nan    nan
3046    -27.7025000    1.6635800    11.1863000    0.0005159    1353.2681885    942.0243530    649.8091431    0.0129604    -0.0033104    -0.0096501    0.0136642    nan    nan
3047    -27.7129000    1.6787600    11.1863000    0.0004927    1297.7459717    889.4847412    592.6096802    0.0132377    -0.0032048    -0.0100329    0.0140134    nan    nan
3048    -27.6462000    1.7297400    11.1862000    0.0013101    1140.9680176    620.3438721    572.4973145    0.0017858    -0.0007243    -0.0010615    0.0018112    nan    nan
3049    -27.6248000    1.6954700    11.1862000    0.0012560    1184.8188477    747.9127808    584.9434204    0.0011060    -0.0002659    -0.0008401    0.0011624    nan    nan
3050    -27.6134000    1.6568000    11.1862000    0.0012160    1200.8894043    831.8263550    590.3520508    0.0008257    -0.0001013    -0.0007243    0.0009064    nan    nan
3051    -27.5213000    1.8254300    11.1862000    0.0064041    857.7432861    459.8964233    272.0463867    0.0003015    -0.0000782    -0.0002234    0.0003141    nan    nan
3591    -27.7263000    1.6906300    10.8220000    0.0004791    1228.5511475    824.2609863    522.1442261    0.0133649    -0.0029499    -0.0104150    0.0142563    nan    nan
3592    -27.7415000    1.6994800    10.8220000    0.0005041    1110.3247070    705.5964966    409.9862366    0.0123230    -0.0026446    -0.0096783    0.0132014    nan    nan
3593    -27.7586000    1.7046900    10.8220000    0.0004962    965.9147949    560.5845337    276.2586670    0.0100994    -0.0021259    -0.0079735    0.0108221    nan    nan
3594    -27.7475000    1.7881600    10.8220000    0.0014333    846.6151733    394.4369202    213.8513794    0.0034415    -0.0010104    -0.0024312    0.0035625    nan    nan
3595    -27.7093000    1.7771500    10.8220000    0.0014642    972.2440186    499.3598022    348.4659119    0.0033782    -0.0011544    -0.0022237    0.0034589    nan    nan
3596    -27.6751000    1.7572400    10.8220000    0.0014116    1078.2012940    567.5512085    485.5086365    0.0026319    -0.0011368    -0.0014951    0.0026595    nan    nan
3598    -27.7266000    1.9478800    10.8221000    0.0070213    680.3809814    181.8918610    125.6209869    0.0007761    -0.0003115    -0.0004646    0.0007869    nan    nan
3600    -27.6487000    1.9249500    10.8220000    0.0069915    778.5475464    266.4332886    228.8967438    0.0008941    -0.0003982    -0.0004959    0.0009017    nan    nan
3602    -27.5786000    1.8835300    10.8220000    0.0069515    847.8822021    360.7017822    286.9935608    0.0006302    -0.0002625    -0.0003677    0.0006367    nan    nan
3603    -27.7864000    1.9554300    10.8221000    0.0034805    601.1075439    110.9793549    59.6302681    0.0004044    -0.0001566    -0.0002478    0.0004083    nan    nan
3605    -27.8236000    1.9554000    10.8221000    0.0031060    548.7804565    77.0144348    31.0130386    0.0002551    -0.0001001    -0.0001550    0.0002572    nan    nan
3631    -27.8458000    1.7937100    10.8221000    0.0007456    537.0277710    44.2121849    -10.1947451    0.0001313    -0.0000556    -0.0000757    0.0001319    nan    nan
3632    -27.8251000    1.7086100    10.8221000    0.0006074    549.9565430    61.2561035    -5.6107869    0.0003357    -0.0001357    -0.0001999    0.0003389    nan    nan
3633    -27.8236000    1.7919400    10.8221000    0.0007960    594.3892822    115.0637665    19.9239197    0.0007634    -0.0002830    -0.0004804    0.0007733    nan    nan
3634    -27.8056000    1.7068600    10.8221000    0.0005076    614.0170898    154.5877991    17.9060936    0.0014360    -0.0004685    -0.0009675    0.0014753    nan    nan
3635    -27.8019000    1.7906100    10.8221000    0.0007702    664.3569946    201.9134521    61.3971443    0.0017007    -0.0005512    -0.0011495    0.0017415    nan    nan
3636    -27.7890000    1.7055700    10.8221000    0.0004161    697.6887817    268.6433105    63.9183121    0.0032649    -0.0008609    -0.0024039    0.0034212    nan    nan
3637    -27.7793000    1.7906800    10.8221000    0.0008902    735.1714478    280.4282532    115.8743668    0.0025453    -0.0007603    -0.0017850    0.0026260    nan    nan
3638    -27.7744000    1.7056900    10.8221000    0.0003927    816.0216675    405.3916016    150.6253357    0.0059791    -0.0013384    -0.0046407    0.0063531    nan    nan
3639    -27.6967000    1.6459600    10.8220000    0.0005821    1394.7760010    981.8126831    691.4815674    0.0129298    -0.0033487    -0.0095811    0.0136150    nan    nan
3640    -27.7025000    1.6635900    10.8220000    0.0005616    1369.3161621    958.6386108    664.5004883    0.0132652    -0.0033286    -0.0099366    0.0140043    nan    nan
3641    -27.7129000    1.6787700    10.8220000    0.0005363    1315.3026123    907.4479980    608.7185059    0.0135786    -0.0032245    -0.0103541    0.0143949    nan    nan
3642    -27.6462000    1.7297500    10.8220000    0.0014260    1156.6657715    629.0640259    593.3207397    0.0018047    -0.0007602    -0.0010446    0.0018272    nan    nan
3643    -27.6249000    1.6954700    10.8220000    0.0013671    1202.6937256    755.6618652    606.6189575    0.0011157    -0.0002907    -0.0008250    0.0011654    nan    nan
3644    -27.6134000    1.6568000    10.8220000    0.0013236    1221.8957519    838.5905762    613.5834351    0.0008392    -0.0001266    -0.0007126    0.0009105    nan    nan
3645    -27.5214000    1.8254300    10.8220000    0.0069709    875.3029175    469.2424011    295.4750977    0.0002856    -0.0000806    -0.0002050    0.0002954    nan    nan
4185    -27.7263000    1.6906500    10.4255000    0.0005215    1226.4416504    826.5713501    518.0050049    0.0137240    -0.0029087    -0.0108153    0.0146870    nan    nan
4186    -27.7415000    1.6995000    10.4255000    0.0005486    1110.9320068    710.1460571    408.4359131    0.0126812    -0.0026171    -0.0100640    0.0136277    nan    nan
4187    -27.7586000    1.7047300    10.4256000    0.0005401    971.2722168    569.3867798    279.3591309    0.0104272    -0.0021125    -0.0083147    0.0112073    nan    nan
4188    -27.7475000    1.7881900    10.4256000    0.0015600    855.1351318    407.8772583    219.2699280    0.0035437    -0.0010023    -0.0025414    0.0036786    nan    nan
4189    -27.7093000    1.7771600    10.4255000    0.0015937    981.2462158    513.5399780    354.2697754    0.0034505    -0.0011435    -0.0023070    0.0035408    nan    nan
4190    -27.6751000    1.7572500    10.4255000    0.0015365    1088.9007568    583.1447754    492.4078674    0.0026720    -0.0011310    -0.0015409    0.0027025    nan    nan
4192    -27.7266000    1.9479000    10.4256000    0.0076424    689.7788696    194.8461609    131.4306488    0.0008100    -0.0003157    -0.0004943    0.0008225    nan    nan
4194    -27.6487000    1.9249700    10.4255000    0.0076100    790.0926514    278.1550903    239.6004944    0.0009155    -0.0004031    -0.0005124    0.0009236    nan    nan
4196    -27.5786000    1.8835300    10.4255000    0.0075666    861.3688965    367.2096252    305.2411194    0.0006307    -0.0002729    -0.0003578    0.0006361    nan    nan
4197    -27.7864000    1.9554600    10.4256000    0.0037883    609.1364136    121.3636246    63.9956093    0.0004224    -0.0001581    -0.0002643    0.0004274    nan    nan
4199    -27.8236000    1.9554300    10.4256000    0.0033807    555.6035767    86.0317841    34.6383934    0.0002698    -0.0001021    -0.0001677    0.0002726    nan    nan
4225    -27.8458000    1.7937400    10.4256000    0.0008115    541.3473511    54.0571861    -10.2566853    0.0001358    -0.0000557    -0.0000802    0.0001366    nan    nan
4226    -27.8251000    1.7086500    10.4256000    0.0006611    559.8694458    77.5938873    -0.8258078    0.0003789    -0.0001471    -0.0002317    0.0003835    nan    nan
4227    -27.8236000    1.7919700    10.4256000    0.0008664    600.7538452    127.3081512    22.0346279    0.0008004    -0.0002857    -0.0005147    0.0008129    nan    nan
4228    -27.8057000    1.7069000    10.4256000    0.0005526    626.6246948    172.7542267    26.8319721    0.0015307    -0.0004794    -0.0010513    0.0015783    nan    nan
4229    -27.8019000    1.7906400    10.4256000    0.0008383    671.8076172    214.8934631    65.0803299    0.0017718    -0.0005519    -0.0012199    0.0018196    nan    nan
4230    -27.7890000    1.7056100    10.4256000    0.0004529    710.2362061    285.8825073    73.6290512    0.0034238    -0.0008652    -0.0025586    0.0036016    nan    nan
4231    -27.7793000    1.7907100    10.4256000    0.0009689    743.0101318    293.2933960    120.3945770    0.0026326    -0.0007564    -0.0018762    0.0027240    nan    nan
4232    -27.7744000    1.7057300    10.4256000    0.0004274    826.0861206    419.3244324    158.1840057    0.0062089    -0.0013317    -0.0048772    0.0066201    nan    nan
4233    -27.6967000    1.6459600    10.4255000    0.0006335    1393.6374512    985.7521973    688.3236084    0.0132534    -0.0033012    -0.0099522    0.0140020    nan    nan
4234    -27.7026000    1.6635900    10.4255000    0.0006112    1367.6307373    961.8580322    660.7391357    0.0136000    -0.0032805    -0.0103195    0.0144058    nan    nan
4235    -27.7129000    1.6787900    10.4255000    0.0005837    1312.9049072    909.7845459    604.3004761    0.0139262    -0.0031775    -0.0107488    0.0148126    nan    nan
4236    -27.6462000    1.7297600    10.4255000    0.0015522    1170.2274170    637.3453979    610.9208374    0.0018259    -0.0007955    -0.0010304    0.0018464    nan    nan
4237    -27.6249000    1.6954800    10.4255000    0.0014881    1219.9283447    764.0843506    627.4798584    0.0011280    -0.0003141    -0.0008139    0.0011723    nan    nan
4238    -27.6134000    1.6568000    10.4255000    0.0014408    1242.8935547    847.7551880    636.8197021    0.0008555    -0.0001488    -0.0007067    0.0009199    nan    nan
4239    -27.5214000    1.8254400    10.4255000    0.0075877    889.6241455    477.1177063    314.4217529    0.0002759    -0.0000828    -0.0001931    0.0002839    nan    nan
4779    -27.7263000    1.6906700    9.9939700    0.0005676    1235.7186279    836.8291626    525.8594971    0.0140382    -0.0029108    -0.0111274    0.0150473    nan    nan
4780    -27.7416000    1.6995300    9.9939800    0.0005972    1118.7493897    719.1627808    414.6492615    0.0129917    -0.0026144    -0.0103773    0.0139872    nan    nan
4781    -27.7586000    1.7047600    9.9939900    0.0005878    975.8530884    575.8626709    282.1962585    0.0106953    -0.0020987    -0.0085966    0.0115224    nan    nan
4782    -27.7475000    1.7882100    9.9939900    0.0016980    861.4922485    418.4173279    223.1034088    0.0036314    -0.0009923    -0.0026391    0.0037795    nan    nan
4783    -27.7093000    1.7771800    9.9939700    0.0017346    988.9082642    525.0490723    359.4623413    0.0035194    -0.0011359    -0.0023834    0.0036185    nan    nan
4784    -27.6751000    1.7572600    9.9939600    0.0016724    1098.1385498    595.8713989    498.7611389    0.0027167    -0.0011301    -0.0015866    0.0027501    nan    nan
4786    -27.7266000    1.9479200    9.9940000    0.0083183    697.7177734    206.7182465    135.6721191    0.0008436    -0.0003197    -0.0005238    0.0008580    nan    nan
4788    -27.6487000    1.9249800    9.9939700    0.0082832    799.8136597    289.5912170    247.2104187    0.0009391    -0.0004069    -0.0005322    0.0009479    nan    nan
4790    -27.5786000    1.8835400    9.9939500    0.0082359    872.8124390    372.6878357    320.8211975    0.0006371    -0.0002842    -0.0003529    0.0006419    nan    nan
4791    -27.7864000    1.9554900    9.9940200    0.0041233    616.1434326    131.3570557    66.7968674    0.0004405    -0.0001597    -0.0002808    0.0004466    nan    nan
4793    -27.8236000    1.9554600    9.9940300    0.0036796    561.5913696    94.9976959    36.6097107    0.0002839    -0.0001038    -0.0001801    0.0002875    nan    nan
4819    -27.8458000    1.7937800    9.9940300    0.0008833    545.4412842    63.9753647    -10.6559067    0.0001411    -0.0000558    -0.0000853    0.0001422    nan    nan
4820    -27.8251000    1.7086900    9.9940200    0.0007196    561.5452881    87.0989990    -4.0498705    0.0003923    -0.0001447    -0.0002476    0.0003986    nan    nan
4821    -27.8236000    1.7920100    9.9940200    0.0009430    605.1013794    137.8037872    22.3428535    0.0008299    -0.0002845    -0.0005453    0.0008451    nan    nan
4822    -27.8057000    1.7069400    9.9940100    0.0006014    625.8733521    179.3527527    22.5809612    0.0015713    -0.0004665    -0.0011048    0.0016274    nan    nan
4823    -27.8019000    1.7906700    9.9940100    0.0009124    676.5266724    225.3025360    66.3644867    0.0018295    -0.0005470    -0.0012825    0.0018846    nan    nan
4824    -27.7890000    1.7056500    9.9940100    0.0004930    709.4296875    290.8233948    70.3030472    0.0035187    -0.0008434    -0.0026753    0.0037175    nan    nan
4825    -27.7793000    1.7907400    9.9940100    0.0010546    748.3933105    303.5660095    122.8820190    0.0027050    -0.0007479    -0.0019571    0.0028070    nan    nan
4826    -27.7744000    1.7057600    9.9940000    0.0004652    827.2277222    424.1620178    157.3012848    0.0063758    -0.0013069    -0.0050689    0.0068210    nan    nan
4827    -27.6967000    1.6459700    9.9939500    0.0006895    1400.4221191    994.0008545    693.9485474    0.0135052    -0.0032999    -0.0102054    0.0142901    nan    nan
4828    -27.7026000    1.6636000    9.9939500    0.0006653    1375.3826904    970.8581543    667.2380981    0.0138692    -0.0032812    -0.0105880    0.0147135    nan    nan
4829    -27.7130000    1.6788000    9.9939600    0.0006353    1321.7377930    919.6989136    611.8443604    0.0142205    -0.0031805    -0.0110401    0.0151490    nan    nan
4830    -27.6462000    1.7297600    9.9939500    0.0016895    1181.1428223    644.4519653    624.5287476    0.0018545    -0.0008288    -0.0010256    0.0018739    nan    nan
4831    -27.6249000    1.6954800    9.9939400    0.0016198    1232.7568359    769.6154785    643.3129272    0.0011466    -0.0003353    -0.0008113    0.0011873    nan    nan
4832    -27.6134000    1.6568000    9.9939300    0.0015683    1258.0528565    852.9618530    653.9903564    0.0008753    -0.0001680    -0.0007073    0.0009348    nan    nan
4833    -27.5214000    1.8254400    9.9939300    0.0082590    901.8393555    483.6695251    330.3704529    0.0002715    -0.0000855    -0.0001860    0.0002783    nan    nan
5373    -27.7263000    1.6906900    9.5242400    0.0006178    1236.1003418    839.5140991    524.7843628    0.0143317    -0.0028925    -0.0114392    0.0153937    nan    nan
5374    -27.7416000    1.6995500    9.5242500    0.0006499    1120.5887451    723.1013794    414.9269714    0.0132821    -0.0026020    -0.0106801    0.0143293    nan    nan
5375    -27.7586000    1.7047800    9.5242600    0.0006398    980.1878052    582.1327515    284.9179382    0.0109551    -0.0020911    -0.0088640    0.0118269    nan    nan
5376    -27.7475000    1.7882300    9.5242600    0.0018482    867.4716187    427.9391174    226.8685150    0.0037173    -0.0009860    -0.0027313    0.0038776    nan    nan
5377    -27.7093000    1.7771900    9.5242400    0.0018880    995.5067749    535.3452148    363.7393799    0.0035868    -0.0011299    -0.0024569    0.0036946    nan    nan
5378    -27.6751000    1.7572700    9.5242300    0.0018203    1105.9605713    607.3701782    503.7194519    0.0027594    -0.0011275    -0.0016319    0.0027959    nan    nan
5380    -27.7266000    1.9479400    9.5242600    0.0090540    704.5111694    217.4259949    138.9458160    0.0008769    -0.0003239    -0.0005530    0.0008934    nan    nan
5382    -27.6487000    1.9249900    9.5242400    0.0090158    808.2494507    300.4670715    252.9942474    0.0009637    -0.0004103    -0.0005534    0.0009735    nan    nan
5384    -27.5786000    1.8835500    9.5242200    0.0089644    882.7431641    377.4243164    334.4461365    0.0006460    -0.0002955    -0.0003505    0.0006504    nan    nan
5385    -27.7864000    1.9555100    9.5242800    0.0044880    622.0472412    140.5357361    68.6727676    0.0004595    -0.0001619    -0.0002977    0.0004668    nan    nan
5387    -27.8236000    1.9554900    9.5242900    0.0040050    566.6553955    103.2508926    37.5724373    0.0002975    -0.0001053    -0.0001922    0.0003019    nan    nan
5389    -27.8581000    1.9527500    9.5243000    0.0038593    525.8896484    74.7612076    24.7633514    0.0001000    -0.0000385    -0.0000615    0.0001009    nan    nan
5413    -27.8458000    1.7938100    9.5242900    0.0009614    548.6708374    72.3756561    -11.0178003    0.0001501    -0.0000575    -0.0000926    0.0001516    nan    nan
5414    -27.8252000    1.7087300    9.5242800    0.0007832    567.0061035    97.9391632    -2.2472897    0.0004224    -0.0001503    -0.0002722    0.0004303    nan    nan
5415    -27.8236000    1.7920400    9.5242800    0.0010263    609.5272217    147.1258392    23.5054169    0.0008630    -0.0002861    -0.0005768    0.0008808    nan    nan
5416    -27.8057000    1.7069800    9.5242700    0.0006546    632.8051758    190.7579041    26.9137993    0.0016385    -0.0004695    -0.0011690    0.0017023    nan    nan
5417    -27.8019000    1.7907000    9.5242800    0.0009931    681.5823364    234.7181854    68.6552429    0.0018884    -0.0005460    -0.0013424    0.0019502    nan    nan
5418    -27.7890000    1.7056800    9.5242700    0.0005366    716.7940674    301.6296692    75.6894836    0.0036372    -0.0008416    -0.0027956    0.0038544    nan    nan
5419    -27.7793000    1.7907700    9.5242700    0.0011479    753.7650146    312.8118591    125.8115540    0.0027783    -0.0007440    -0.0020344    0.0028901    nan    nan
5420    -27.7744000    1.7058000    9.5242600    0.0005063    833.7345581    433.2152100    162.0469666    0.0065545    -0.0012997    -0.0052548    0.0070302    nan    nan
5421    -27.6967000    1.6459700    9.5242200    0.0007505    1401.4805908    997.7346191    693.6644897    0.0137637    -0.0032803    -0.0104835    0.0145936    nan    nan
5422    -27.7026000    1.6636100    9.5242300    0.0007241    1376.1086426    974.1463623    666.5680542    0.0141384    -0.0032613    -0.0108770    0.0150302    nan    nan
5423    -27.7129000    1.6788100    9.5242300    0.0006915    1322.0192871    922.4563599    610.7317505    0.0145035    -0.0031607    -0.0113428    0.0154828    nan    nan
5424    -27.6462000    1.7297700    9.5242200    0.0018390    1190.8815918    652.4983521    635.1789551    0.0018816    -0.0008601    -0.0010214    0.0019003    nan    nan
5425    -27.6249000    1.6954800    9.5242100    0.0017630    1244.8372803    775.3297729    658.1911621    0.0011644    -0.0003549    -0.0008094    0.0012019    nan    nan
5426    -27.6134000    1.6568000    9.5242100    0.0017070    1272.5212402    859.0477905    670.3739014    0.0008943    -0.0001854    -0.0007089    0.0009499    nan    nan
5427    -27.5214000    1.8254500    9.5242100    0.0089896    912.4747314    489.3301392    344.1638184    0.0002694    -0.0000882    -0.0001813    0.0002754    nan    nan
5967    -27.7263000    1.6907000    9.0129600    0.0006724    1241.7124023    846.0723877    529.2156982    0.0145988    -0.0028914    -0.0117074    0.0157021    nan    nan
5968    -27.7415000    1.6995700    9.0129700    0.0007074    1125.4809570    729.0173950    418.5203247    0.0135444    -0.0025989    -0.0109455    0.0146343    nan    nan
5969    -27.7586000    1.7048100    9.0129800    0.0006964    983.3708496    586.6924438    286.7361450    0.0111807    -0.0020819    -0.0090988    0.0120918    nan    nan
5970    -27.7475000    1.7882500    9.0129800    0.0020116    872.4261475    436.0163269    229.9146729    0.0037945    -0.0009793    -0.0028152    0.0039664    nan    nan
5971    -27.7093000    1.7772000    9.0129700    0.0020550    1001.2542114    544.1734009    367.5296326    0.0036498    -0.0011250    -0.0025248    0.0037657    nan    nan
5972    -27.6751000    1.7572800    9.0129600    0.0019813    1112.8638916    617.3103638    508.2154846    0.0028018    -0.0011268    -0.0016750    0.0028414    nan    nan
5974    -27.7266000    1.9479600    9.0129900    0.0098547    710.4562378    227.1336670    141.6259918    0.0009093    -0.0003278    -0.0005815    0.0009279    nan    nan
5976    -27.6487000    1.9250000    9.0129700    0.0098133    815.6054688    310.5282898    257.5703735    0.0009884    -0.0004134    -0.0005749    0.0009991    nan    nan
5978    -27.5786000    1.8835600    9.0129500    0.0097574    891.4310303    381.6054688    346.4127808    0.0006566    -0.0003065    -0.0003500    0.0006607    nan    nan
5979    -27.7864000    1.9555300    9.0130000    0.0048848    627.2866821    148.9660645    70.0619202    0.0004778    -0.0001639    -0.0003140    0.0004864    nan    nan
5981    -27.8236000    1.9555200    9.0130100    0.0043591    571.1629639    110.8836746    38.0760078    0.0003102    -0.0001066    -0.0002036    0.0003155    nan    nan
5983    -27.8581000    1.9527800    9.0130100    0.0042006    529.6107788    81.8299408    24.9614525    0.0001083    -0.0000404    -0.0000679    0.0001095    nan    nan
6007    -27.8458000    1.7938400    9.0130000    0.0010464    551.7146606    80.3653107    -11.2736654    0.0001598    -0.0000593    -0.0001005    0.0001616    nan    nan
6008    -27.8252000    1.7087600    9.0130000    0.0008524    569.3194580    105.8953247    -3.2845914    0.0004419    -0.0001511    -0.0002908    0.0004515    nan    nan
6009    -27.8236000    1.7920700    9.0130000    0.0011171    613.1085815    155.3908844    24.1276283    0.0008926    -0.0002864    -0.0006062    0.0009132    nan    nan
6010    -27.8057000    1.7070100    9.0129900    0.0007125    633.7621460    196.7989349    25.4588318    0.0016824    -0.0004633    -0.0012191    0.0017538    nan    nan
6011    -27.8019000    1.7907300    9.0130000    0.0010809    685.5072632    242.7827301    70.1156311    0.0019401    -0.0005431    -0.0013970    0.0020086    nan    nan
6012    -27.7890000    1.7057200    9.0129900    0.0005840    717.4862061    306.2276001    74.5825882    0.0037247    -0.0008285    -0.0028962    0.0039598    nan    nan
6013    -27.7793000    1.7907900    9.0129900    0.0012494    758.1335449    320.7718811    128.0314636    0.0028435    -0.0007386    -0.0021049    0.0029649    nan    nan
6014    -27.7744000    1.7058300    9.0129900    0.0005511    835.2023315    437.2662964    161.9769592    0.0067005    -0.0012838    -0.0054168    0.0072051    nan    nan
6015    -27.6967000    1.6459700    9.0129500    0.0008169    1405.3229981    1002.9411011    696.5081177    0.0139830    -0.0032759    -0.0107071    0.0148464    nan    nan
6016    -27.7025000    1.6636100    9.0129500    0.0007882    1380.5832519    979.8283081    669.9840698    0.0143714    -0.0032585    -0.0111129    0.0152987    nan    nan
6017    -27.7129000    1.6788200    9.0129600    0.0007526    1327.2272949    928.7320557    614.8537598    0.0147558    -0.0031597    -0.0115961    0.0157736    nan    nan
6018    -27.6462000    1.7297700    9.0129500    0.0020016    1199.1885986    660.7967529    642.8251953    0.0019102    -0.0008896    -0.0010207    0.0019286    nan    nan
6019    -27.6249000    1.6954900    9.0129400    0.0019190    1254.7525635    779.7094727    670.5773926    0.0011839    -0.0003732    -0.0008107    0.0012191    nan    nan
6020    -27.6134000    1.6568000    9.0129400    0.0018580    1284.1776123    863.3840332    683.8002930    0.0009139    -0.0002013    -0.0007126    0.0009664    nan    nan
6021    -27.5214000    1.8254500    9.0129400    0.0097848    921.9244385    494.2958374    356.2586060    0.0002696    -0.0000910    -0.0001785    0.0002749    nan    nan
6561    -27.7263000    1.6907100    8.4564800    0.0007319    1242.9276123    848.7063599    529.2969360    0.0148455    -0.0028820    -0.0119635    0.0159912    nan    nan
6562    -27.7415000    1.6995900    8.4564800    0.0007700    1127.5390625    732.3860474    419.3580627    0.0137874    -0.0025923    -0.0111951    0.0149192    nan    nan
6563    -27.7586000    1.7048300    8.4564900    0.0007580    986.7766113    591.3692017    288.8941650    0.0113952    -0.0020765    -0.0093187    0.0123431    nan    nan
6564    -27.7475000    1.7882700    8.4564900    0.0021895    877.0254517    443.3456116    232.8094635    0.0038684    -0.0009743    -0.0028941    0.0040512    nan    nan
6565    -27.7093000    1.7772200    8.4564800    0.0022367    1006.3466186    552.1149902    370.8348694    0.0037097    -0.0011209    -0.0025888    0.0038334    nan    nan
6566    -27.6751000    1.7572900    8.4564700    0.0021565    1118.8952637    626.2745361    511.9963684    0.0028419    -0.0011257    -0.0017162    0.0028846    nan    nan
6568    -27.7266000    1.9479800    8.4564900    0.0107262    715.6945801    235.8806000    143.9016418    0.0009405    -0.0003316    -0.0006089    0.0009611    nan    nan
6570    -27.6487000    1.9250100    8.4564800    0.0106811    822.1266479    319.7646790    261.3968201    0.0010126    -0.0004164    -0.0005962    0.0010244    nan    nan
6572    -27.5786000    1.8835600    8.4564600    0.0106203    899.1412354    385.3661499    357.0611267    0.0006678    -0.0003170    -0.0003508    0.0006718    nan    nan
6573    -27.7864000    1.9555600    8.4565000    0.0053168    631.9106445    156.5903778    71.1204834    0.0004954    -0.0001658    -0.0003296    0.0005051    nan    nan
6575    -27.8236000    1.9555400    8.4565100    0.0047446    575.1107178    117.7921448    38.2682381    0.0003222    -0.0001079    -0.0002143    0.0003283    nan    nan
6577    -27.8581000    1.9528100    8.4565200    0.0045720    532.8424072    88.3307953    24.7691021    0.0001166    -0.0000423    -0.0000743    0.0001181    nan    nan
6601    -27.8458000    1.7938700    8.4565100    0.0011389    554.3282471    87.3487701    -11.4949636    0.0001699    -0.0000613    -0.0001086    0.0001721    nan    nan
6602    -27.8252000    1.7087900    8.4565000    0.0009278    572.8237915    113.8558731    -2.5075135    0.0004658    -0.0001543    -0.0003116    0.0004772    nan    nan
6603    -27.8236000    1.7921000    8.4565100    0.0012159    616.5362549    162.8246918    25.0215416    0.0009226    -0.0002876    -0.0006350    0.0009460    nan    nan
6604    -27.8057000    1.7070400    8.4565000    0.0007755    637.9920044    204.6927948    27.7251740    0.0017350    -0.0004632    -0.0012717    0.0018135    nan    nan
6605    -27.8019000    1.7907600    8.4565000    0.0011765    689.3226929    250.0449829    71.8442535    0.0019896    -0.0005416    -0.0014480    0.0020642    nan    nan
6606    -27.7890000    1.7057400    8.4565000    0.0006357    722.1161499    313.5482788    77.7163239    0.0038189    -0.0008244    -0.0029945    0.0040700    nan    nan
6607    -27.7793000    1.7908200    8.4565000    0.0013599    762.3050537    327.9509888    130.3441467    0.0029057    -0.0007350    -0.0021708    0.0030359    nan    nan
6608    -27.7744000    1.7058500    8.4564900    0.0005998    839.5924072    443.5113220    165.0279846    0.0068457    -0.0012763    -0.0055693    0.0073759    nan    nan
6609    -27.6967000    1.6459700    8.4564600    0.0008891    1406.8697510    1006.1726074    697.0454712    0.0141976    -0.0032663    -0.0109314    0.0150964    nan    nan
6610    -27.7025000    1.6636200    8.4564700    0.0008578    1381.9556885    982.8021851    670.3040771    0.0145956    -0.0032488    -0.0113468    0.0155605    nan    nan
6611    -27.7129000    1.6788300    8.4564700    0.0008192    1328.3724365    931.4109497    614.9310913    0.0149930    -0.0031501    -0.0118429    0.0160510    nan    nan
6612    -27.6462000    1.7297800    8.4564600    0.0021786    1206.6140137    669.5476074    648.4369507    0.0019373    -0.0009170    -0.0010203    0.0019555    nan    nan
6613    -27.6249000    1.6954900    8.4564600    0.0020887    1263.8572998    783.9038696    681.9774780    0.0012023    -0.0003902    -0.0008121    0.0012354    nan    nan
6614    -27.6134000    1.6568100    8.4564500    0.0020224    1294.9801025    867.8339233    696.2666016    0.0009323    -0.0002158    -0.0007165    0.0009823    nan    nan
6615    -27.5214000    1.8254500    8.4564500    0.0106502    930.3161621    498.7145081    367.0652771    0.0002714    -0.0000941    -0.0001773    0.0002762    nan    nan
7155    -27.7263000    1.6907300    7.8507800    0.0007966    1246.6466065    853.2200928    532.0402832    0.0150723    -0.0028803    -0.0121920    0.0162539    nan    nan
7156    -27.7415000    1.6996000    7.8507800    0.0008380    1130.9058838    736.5664062    421.6615906    0.0140097    -0.0025899    -0.0114198    0.0151782    nan    nan
7157    -27.7586000    1.7048500    7.8507900    0.0008250    989.2247925    594.8395386    290.2458191    0.0115862    -0.0020701    -0.0095161    0.0125674    nan    nan
7158    -27.7475000    1.7882800    7.8507900    0.0023831    880.9878540    449.7349243    235.2720642    0.0039357    -0.0009694    -0.0029664    0.0041288    nan    nan
7159    -27.7093000    1.7772300    7.8507800    0.0024345    1010.8427124    559.0817871    373.7767944    0.0037653    -0.0011174    -0.0026478    0.0038963    nan    nan
7160    -27.6751000    1.7573000    7.8507700    0.0023472    1124.2825928    634.2047119    515.4289551    0.0028801    -0.0011254    -0.0017547    0.0029257    nan    nan
7162    -27.7266000    1.9479900    7.8507900    0.0116747    720.3402710    243.7678986    145.8759613    0.0009703    -0.0003351    -0.0006352    0.0009929    nan    nan
7164    -27.6487000    1.9250300    7.8507800    0.0116257    827.9031372    328.1515503    264.6495361    0.0010360    -0.0004193    -0.0006167    0.0010489    nan    nan
7166    -27.5786000    1.8835700    7.8507700    0.0115596    905.9843140    388.7589416    366.5150146    0.0006794    -0.0003267    -0.0003527    0.0006834    nan    nan
7167    -27.7864000    1.9555800    7.8508000    0.0057869    636.0518188    163.5055389    71.9853745    0.0005121    -0.0001676    -0.0003445    0.0005230    nan    nan
7169    -27.8236000    1.9555600    7.8508100    0.0051641    578.6608276    124.0635147    38.3293304    0.0003333    -0.0001090    -0.0002244    0.0003402    nan    nan
7171    -27.8581000    1.9528300    7.8508100    0.0049762    535.7294922    94.2917938    24.4150772    0.0001246    -0.0000440    -0.0000807    0.0001265    nan    nan
7195    -27.8458000    1.7939000    7.8508000    0.0012396    556.7556763    93.8213196    -11.6054993    0.0001802    -0.0000633    -0.0001169    0.0001830    nan    nan
7196    -27.8252000    1.7088200    7.8508000    0.0010098    575.0436401    120.3760986    -2.7253461    0.0004854    -0.0001557    -0.0003297    0.0004985    nan    nan
7197    -27.8236000    1.7921200    7.8508000    0.0013234    619.4878540    169.4700165    25.7092094    0.0009503    -0.0002883    -0.0006621    0.0009764    nan    nan
7198    -27.8057000    1.7070700    7.8508000    0.0008440    639.4639893    209.8964081    27.4273033    0.0017758    -0.0004595    -0.0013163    0.0018611    nan    nan
7199    -27.8019000    1.7907800    7.8508000    0.0012805    692.5345459    256.4146729    73.2033386    0.0020343    -0.0005394    -0.0014950    0.0021149    nan    nan
7200    -27.7890000    1.7057700    7.8507900    0.0006919    723.3671875    317.5960999    77.6185226    0.0038954    -0.0008154    -0.0030800    0.0041617    nan    nan
7201    -27.7793000    1.7908400    7.8507900    0.0014801    765.8777466    334.2498474    132.2740479    0.0029621    -0.0007310    -0.0022311    0.0031006    nan    nan
7202    -27.7744000    1.7058800    7.8507900    0.0006529    841.1677246    446.9310303    165.4138489    0.0069698    -0.0012649    -0.0057049    0.0075242    nan    nan
7203    -27.6967000    1.6459700    7.8507700    0.0009677    1409.3668213    1009.7992554    698.7098389    0.0143862    -0.0032622    -0.0111240    0.0153145    nan    nan
7204    -27.7025000    1.6636200    7.8507700    0.0009337    1384.8682861    986.7293701    672.3408203    0.0147954    -0.0032459    -0.0115495    0.0157914    nan    nan
7205    -27.7129000    1.6788400    7.8507700    0.0008916    1331.7757568    935.7172852    617.4329834    0.0152081    -0.0031483    -0.0120598    0.0162998    nan    nan
7206    -27.6462000    1.7297800    7.8507600    0.0023713    1213.1416016    677.7897339    652.8479614    0.0019638    -0.0009423    -0.0010215    0.0019821    nan    nan
7207    -27.6249000    1.6954900    7.8507600    0.0022735    1271.7009277    787.4164429    691.8863525    0.0012207    -0.0004060    -0.0008147    0.0012522    nan    nan
7208    -27.6134000    1.6568100    7.8507600    0.0022012    1304.1569824    871.3992310    706.9849854    0.0009503    -0.0002293    -0.0007210    0.0009981    nan    nan
7209    -27.5214000    1.8254600    7.8507600    0.0115921    937.8041992    502.6586304    376.6684875    0.0002741    -0.0000971    -0.0001769    0.0002785    nan    nan
7749    -27.7263000    1.6907400    7.1915200    0.0008670    1248.0534668    855.5812378    532.5405884    0.0152795    -0.0028751    -0.0124044    0.0164958    nan    nan
7750    -27.7415000    1.6996200    7.1915200    0.0009121    1132.8244629    739.3713379    422.6039734    0.0142132    -0.0025861    -0.0116271    0.0154162    nan    nan
7751    -27.7586000    1.7048700    7.1915200    0.0008979    991.8778687    598.3914795    291.9067383    0.0117645    -0.0020661    -0.0096984    0.0127762    nan    nan
7752    -27.7475000    1.7883000    7.1915200    0.0025938    884.6312866    455.5079041    237.5793762    0.0039988    -0.0009653    -0.0030335    0.0042014    nan    nan
7753    -27.7093000    1.7772400    7.1915200    0.0026498    1014.8502808    565.3306274    376.3834229    0.0038172    -0.0011144    -0.0027028    0.0039551    nan    nan
7754    -27.6751000    1.7573000    7.1915100    0.0025548    1129.0162353    641.3071899    518.3801880    0.0029157    -0.0011250    -0.0017907    0.0029643    nan    nan
7756    -27.7266000    1.9480100    7.1915300    0.0127070    724.4699097    250.8484955    147.6201477    0.0009983    -0.0003383    -0.0006600    0.0010229    nan    nan
7758    -27.6487000    1.9250300    7.1915200    0.0126538    833.0510864    335.7390137    267.4871521    0.0010583    -0.0004220    -0.0006363    0.0010723    nan    nan
7760    -27.5786000    1.8835800    7.1915100    0.0125819    912.0838623    391.8605652    374.9165955    0.0006909    -0.0003351    -0.0003558    0.0006949    nan    nan
7761    -27.7864000    1.9556000    7.1915400    0.0062986    639.7374878    169.7093811    72.7047653    0.0005276    -0.0001692    -0.0003584    0.0005398    nan    nan
7763    -27.8236000    1.9555900    7.1915400    0.0056207    581.8167114    129.6859131    38.2954025    0.0003437    -0.0001099    -0.0002338    0.0003514    nan    nan
7765    -27.8581000    1.9528500    7.1915400    0.0054162    538.2738037    99.6636734    23.9630966    0.0001324    -0.0000456    -0.0000868    0.0001346    nan    nan
7789    -27.8458000    1.7939200    7.1915400    0.0013492    558.8916016    99.5660629    -11.6675615    0.0001905    -0.0000653    -0.0001252    0.0001937    nan    nan
7790    -27.8252000    1.7088500    7.1915400    0.0010991    577.5386963    126.4928055    -2.2949452    0.0005055    -0.0001578    -0.0003477    0.0005203    nan    nan
7791    -27.8236000    1.7921500    7.1915400    0.0014404    622.2429199    175.4576416    26.4879093    0.0009771    -0.0002892    -0.0006879    0.0010058    nan    nan
7792    -27.8057000    1.7070900    7.1915300    0.0009186    642.2793579    215.6588135    28.7391510    0.0018185    -0.0004584    -0.0013601    0.0019102    nan    nan
7793    -27.8019000    1.7908000    7.1915300    0.0013938    695.5554199    262.1433716    74.6226501    0.0020761    -0.0005377    -0.0015384    0.0021622    nan    nan
7794    -27.7890000    1.7058000    7.1915300    0.0007530    726.4659424    322.8047485    79.5597076    0.0039719    -0.0008107    -0.0031612    0.0042520    nan    nan
7795    -27.7793000    1.7908600    7.1915300    0.0016110    769.2080078    339.9226074    134.1685486    0.0030146    -0.0007278    -0.0022868    0.0031609    nan    nan
7796    -27.7744000    1.7059000    7.1915300    0.0007106    844.2450562    451.4109192    167.4425354    0.0070892    -0.0012581    -0.0058310    0.0076652    nan    nan
7797    -27.6966000    1.6459700    7.1915100    0.0010533    1410.8609619    1012.4597778    699.4126587    0.0145649    -0.0032568    -0.0113081    0.0155219    nan    nan
7798    -27.7025000    1.6636300    7.1915100    0.0010162    1386.2858887    989.2471313    672.9338989    0.0149826    -0.0032406    -0.0117420    0.0160091    nan    nan
7799    -27.7129000    1.6788400    7.1915100    0.0009704    1333.1049805    938.0874023    617.9161377    0.0154069    -0.0031432    -0.0122637    0.0165315    nan    nan
7800    -27.6462000    1.7297900    7.1915100    0.0025810    1218.9406738    685.4877319    656.4525757    0.0019886    -0.0009653    -0.0010233    0.0020069    nan    nan
7801    -27.6249000    1.6955000    7.1915000    0.0024745    1278.7851562    790.6448975    700.8706665    0.0012379    -0.0004206    -0.0008172    0.0012680    nan    nan
7802    -27.6134000    1.6568100    7.1915000    0.0023959    1312.5014648    874.8053589    716.7625732    0.0009671    -0.0002416    -0.0007255    0.0010130    nan    nan
7803    -27.5214000    1.8254600    7.1915000    0.0126173    944.5278931    506.1828613    385.2286682    0.0002770    -0.0001001    -0.0001770    0.0002812    nan    nan
8343    -27.7263000    1.6907500    6.4739600    0.0009437    1250.6500244    858.8061523    534.3442383    0.0154684    -0.0028736    -0.0125949    0.0167150    nan    nan
8344    -27.7415000    1.6996300    6.4739700    0.0009928    1135.2611084    742.4306030    424.1825867    0.0143978    -0.0025843    -0.0118136    0.0156314    nan    nan
8345    -27.7586000    1.7048900    6.4739700    0.0009773    993.8215942    601.0966187    292.9743042    0.0119234    -0.0020616    -0.0098618    0.0129629    nan    nan
8346    -27.7475000    1.7883100    6.4739700    0.0028232    887.7937622    460.5517578    239.5668640    0.0040559    -0.0009615    -0.0030944    0.0042673    nan    nan
8347    -27.7093000    1.7772500    6.4739600    0.0028841    1018.3859863    570.8289185    378.6928711    0.0038647    -0.0011119    -0.0027529    0.0040090    nan    nan
8348    -27.6751000    1.7573100    6.4739600    0.0027807    1133.2304688    647.5994263    521.0352783    0.0029489    -0.0011250    -0.0018239    0.0030002    nan    nan
8350    -27.7266000    1.9480200    6.4739700    0.0138306    728.1204834    257.1651916    149.1535797    0.0010244    -0.0003412    -0.0006832    0.0010509    nan    nan
8352    -27.6487000    1.9250400    6.4739600    0.0137727    837.6035156    342.5310364    269.9586487    0.0010791    -0.0004245    -0.0006546    0.0010943    nan    nan
8354    -27.5786000    1.8835800    6.4739600    0.0136945    917.4912720    394.7222290    382.2894592    0.0007021    -0.0003416    -0.0003605    0.0007061    nan    nan
8355    -27.7864000    1.9556100    6.4739800    0.0068555    643.0262451    175.2590179    73.3181763    0.0005420    -0.0001706    -0.0003714    0.0005553    nan    nan
8357    -27.8236000    1.9556000    6.4739800    0.0061176    584.6385498    134.7162628    38.2242088    0.0003532    -0.0001107    -0.0002425    0.0003617    nan    nan
8359    -27.8581000    1.9528700    6.4739900    0.0058951    540.5349121    104.4863815    23.4865837    0.0001398    -0.0000470    -0.0000928    0.0001423    nan    nan
8383    -27.8458000    1.7939500    6.4739800    0.0014685    560.8402100    104.7714691    -11.6595974    0.0002004    -0.0000672    -0.0001332    0.0002041    nan    nan
8384    -27.8251000    1.7088700    6.4739800    0.0011963    579.4363403    131.7208862    -2.2127934    0.0005232    -0.0001592    -0.0003641    0.0005397    nan    nan
8385    -27.8236000    1.7921700    6.4739800    0.0015678    624.6527100    180.7777252    27.1529999    0.0010017    -0.0002900    -0.0007118    0.0010329    nan    nan
8386    -27.8057000    1.7071200    6.4739800    0.0009999    643.7586670    219.9488373    28.8848190    0.0018543    -0.0004558    -0.0013984    0.0019519    nan    nan
8387    -27.8019000    1.7908200    6.4739800    0.0015170    698.1514282    267.1647034    75.8083344    0.0021139    -0.0005359    -0.0015779    0.0022051    nan    nan
8388    -27.7890000    1.7058200    6.4739700    0.0008196    727.8084106    326.1993103    79.8733368    0.0040366    -0.0008041    -0.0032325    0.0043294    nan    nan
8389    -27.7793000    1.7908700    6.4739700    0.0017534    772.0897217    344.8903503    135.7884521    0.0030619    -0.0007246    -0.0023373    0.0032153    nan    nan
8390    -27.7744000    1.7059200    6.4739700    0.0007734    845.7310791    454.2420349    168.0003357    0.0071929    -0.0012497    -0.0059432    0.0077888    nan    nan
8391    -27.6966000    1.6459800    6.4739600    0.0011464    1412.6203613    1015.1047974    700.4950562    0.0147228    -0.0032537    -0.0114691    0.0157047    nan    nan
8392    -27.7025000    1.6636300    6.4739600    0.0011061    1388.3167725    992.0805664    674.2576904    0.0151496    -0.0032383    -0.0119113    0.0162024    nan    nan
8393    -27.7129000    1.6788500    6.4739600    0.0010562    1335.4650879    941.1623535    619.5438843    0.0155865    -0.0031417    -0.0124447    0.0167394    nan    nan
8394    -27.6462000    1.7297900    6.4739500    0.0028093    1224.0693359    692.4181519    659.5450439    0.0020117    -0.0009853    -0.0010264    0.0020303    nan    nan
8395    -27.6249000    1.6955000    6.4739500    0.0026934    1284.9738769    793.4382935    708.7631226    0.0012543    -0.0004341    -0.0008202    0.0012833    nan    nan
8396    -27.6134000    1.6568100    6.4739500    0.0026078    1319.7127685    877.6687012    725.2845459    0.0009829    -0.0002530    -0.0007299    0.0010273    nan    nan
8397    -27.5214000    1.8254600    6.4739500    0.0137331    950.5327148    509.3153076    392.7854614    0.0002801    -0.0001028    -0.0001772    0.0002840    nan    nan
8937    -27.7263000    1.6907600    5.6929600    0.0010271    1251.9611816    860.7748413    534.9428711    0.0156376    -0.0028705    -0.0127670    0.0169122    nan    nan
8938    -27.7415000    1.6996500    5.6929600    0.0010805    1136.8884277    744.6684570    425.0415039    0.0145638    -0.0025820    -0.0119818    0.0158253    nan    nan
8939    -27.7586000    1.7049100    5.6929700    0.0010637    995.8449097    603.7612305    294.2213135    0.0120679    -0.0020585    -0.0100094    0.0131322    nan    nan
8940    -27.7475000    1.7883300    5.6929700    0.0030728    890.6433716    465.0440674    241.3786621    0.0041084    -0.0009584    -0.0031499    0.0043277    nan    nan
8941    -27.7093000    1.7772500    5.6929600    0.0031391    1021.4987793    575.6976318    380.7127380    0.0039084    -0.0011098    -0.0027986    0.0040584    nan    nan
8942    -27.6751000    1.7573100    5.6929600    0.0030266    1136.8957519    653.1401978    523.3119507    0.0029791    -0.0011250    -0.0018542    0.0030330    nan    nan
8944    -27.7266000    1.9480300    5.6929700    0.0150535    731.3391724    262.7445984    150.5272217    0.0010482    -0.0003437    -0.0007045    0.0010766    nan    nan
8946    -27.6487000    1.9250500    5.6929600    0.0149906    841.6082764    348.5626221    272.0998230    0.0010986    -0.0004269    -0.0006717    0.0011148    nan    nan
8948    -27.5786000    1.8835900    5.6929600    0.0149055    922.2260742    397.4227905    388.5922241    0.0007124    -0.0003461    -0.0003663    0.0007165    nan    nan
8949    -27.7864000    1.9556300    5.6929800    0.0074616    645.9125366    180.1447906    73.8549652    0.0005549    -0.0001718    -0.0003831    0.0005692    nan    nan
8951    -27.8236000    1.9556200    5.6929800    0.0066585    587.1196899    139.1449127    38.1299934    0.0003618    -0.0001114    -0.0002504    0.0003710    nan    nan
8953    -27.8581000    1.9528900    5.6929800    0.0064162    542.5119629    108.7423630    23.0134678    0.0001466    -0.0000483    -0.0000983    0.0001495    nan    nan
8977    -27.8458000    1.7939700    5.6929800    0.0015984    562.5318604    109.3241882    -11.6358681    0.0002095    -0.0000688    -0.0001407    0.0002137    nan    nan
8978    -27.8251000    1.7088900    5.6929800    0.0013021    581.2864990    136.4211731    -1.9076756    0.0005400    -0.0001606    -0.0003793    0.0005581    nan    nan
8979    -27.8236000    1.7921900    5.6929800    0.0017064    626.8237305    185.4758759    27.8177528    0.0010244    -0.0002907    -0.0007337    0.0010579    nan    nan
8980    -27.8057000    1.7071400    5.6929700    0.0010883    645.7259521    224.2249451    29.7110538    0.0018887    -0.0004546    -0.0014341    0.0019918    nan    nan
8981    -27.8019000    1.7908400    5.6929700    0.0016511    700.5077515    271.6037292    76.9513702    0.0021480    -0.0005344    -0.0016136    0.0022439    nan    nan
8982    -27.7890000    1.7058400    5.6929700    0.0008921    729.9546509    329.9567871    81.1367264    0.0040976    -0.0007998    -0.0032978    0.0044017    nan    nan
8983    -27.7793000    1.7908900    5.6929700    0.0019085    774.7073364    349.2944946    137.3166504    0.0031046    -0.0007219    -0.0023826    0.0032644    nan    nan
8984    -27.7744000    1.7059400    5.6929700    0.0008418    847.9159546    457.4750977    169.3773193    0.0072886    -0.0012439    -0.0060447    0.0079023    nan    nan
8985    -27.6966000    1.6459800    5.6929600    0.0012477    1413.8809815    1017.1926269    701.1412964    0.0148671    -0.0032504    -0.0116167    0.0158721    nan    nan
8986    -27.7025000    1.6636400    5.6929600    0.0012039    1389.5554199    994.0964966    674.8587036    0.0153013    -0.0032353    -0.0120660    0.0163785    nan    nan
8987    -27.7129000    1.6788600    5.6929600    0.0011496    1336.6959228    943.1169434    620.1134644    0.0157482    -0.0031389    -0.0126093    0.0169275    nan    nan
8988    -27.6462000    1.7297900    5.6929600    0.0030577    1228.5372315    698.5827637    662.1500854    0.0020328    -0.0010011    -0.0010317    0.0020516    nan    nan
8989    -27.6249000    1.6955000    5.6929500    0.0029315    1290.4375000    795.9262085    715.7569580    0.0012692    -0.0004462    -0.0008230    0.0012972    nan    nan
8990    -27.6134000    1.6568100    5.6929500    0.0028384    1326.1098633    880.2789917    732.8685303    0.0009973    -0.0002632    -0.0007341    0.0010403    nan    nan
8991    -27.5214000    1.8254700    5.6929500    0.0149475    955.8376465    512.0800171    399.4105225    0.0002829    -0.0001053    -0.0001776    0.0002866    nan    nan
9531    -27.7263000    1.6907700    4.8429100    0.0011179    1253.7687988    863.0501099    536.1389160    0.0157870    -0.0028695    -0.0129176    0.0170857    nan    nan
9532    -27.7415000    1.6996600    4.8429100    0.0011761    1138.6384277    746.8734131    426.1271667    0.0147103    -0.0025808    -0.0121295    0.0159961    nan    nan
9533    -27.7586000    1.7049200    4.8429100    0.0011577    997.3472290    605.8013306    295.0473022    0.0121936    -0.0020553    -0.0101383    0.0132797    nan    nan
9534    -27.7475000    1.7883400    4.8429100    0.0033445    893.0537720    468.8757629    242.8931732    0.0041548    -0.0009557    -0.0031991    0.0043813    nan    nan
9535    -27.7093000    1.7772600    4.8429100    0.0034167    1024.1817627    579.8966064    382.4522095    0.0039473    -0.0011080    -0.0028393    0.0041026    nan    nan
9536    -27.6751000    1.7573200    4.8429100    0.0032942    1140.0834961    657.9424438    525.3073730    0.0030062    -0.0011251    -0.0018811    0.0030624    nan    nan
9538    -27.7266000    1.9480500    4.8429200    0.0163845    734.1423950    267.5886536    151.7602844    0.0010693    -0.0003459    -0.0007234    0.0010993    nan    nan
9540    -27.6487000    1.9250600    4.8429100    0.0163160    845.0615234    353.8182983    273.9009399    0.0011167    -0.0004292    -0.0006874    0.0011338    nan    nan
9542    -27.5786000    1.8835900    4.8429000    0.0162234    926.2699585    400.0956421    393.6450195    0.0007216    -0.0003491    -0.0003724    0.0007258    nan    nan
9543    -27.7864000    1.9556400    4.8429200    0.0081213    648.3593140    184.4379578    74.3338165    0.0005673    -0.0001732    -0.0003941    0.0005826    nan    nan
9545    -27.8236000    1.9556400    4.8429200    0.0072472    589.2831421    142.9942322    38.0548897    0.0003694    -0.0001120    -0.0002574    0.0003792    nan    nan
9547    -27.8581000    1.9529100    4.8429200    0.0069835    544.2301636    112.4451218    22.5863018    0.0001528    -0.0000494    -0.0001034    0.0001560    nan    nan
9571    -27.8458000    1.7939800    4.8429200    0.0017397    564.0281982    113.3049011    -11.5632019    0.0002178    -0.0000703    -0.0001475    0.0002225    nan    nan
9572    -27.8251000    1.7089100    4.8429200    0.0014172    582.7694702    140.3987274    -1.7348502    0.0005544    -0.0001617    -0.0003927    0.0005740    nan    nan
9573    -27.8236000    1.7922000    4.8429200    0.0018572    628.6895142    189.5286865    28.3967266    0.0010443    -0.0002912    -0.0007532    0.0010799    nan    nan
9574    -27.8057000    1.7071600    4.8429200    0.0011845    646.9703369    227.5383148    29.9805622    0.0019175    -0.0004527    -0.0014647    0.0020254    nan    nan
9575    -27.8019000    1.7908600    4.8429200    0.0017971    702.5023193    275.3960266    77.9088135    0.0021778    -0.0005330    -0.0016448    0.0022779    nan    nan
9576    -27.7890000    1.7058600    4.8429200    0.0009709    731.1287231    332.6031189    81.5538254    0.0041488    -0.0007949    -0.0033538    0.0044630    nan    nan
9577    -27.7793000    1.7909000    4.8429200    0.0020772    776.9257812    353.0596313    138.5962372    0.0031422    -0.0007195    -0.0024227    0.0033078    nan    nan
9578    -27.7744000    1.7059600    4.8429200    0.0009162    849.1632690    459.6781616    169.9266815    0.0073706    -0.0012377    -0.0061329    0.0079999    nan    nan
9579    -27.6966000    1.6459800    4.8429000    0.0013580    1415.1270752    1019.0950928    701.8676758    0.0149915    -0.0032481    -0.0117434    0.0160161    nan    nan
9580    -27.7025000    1.6636400    4.8429000    0.0013103    1390.9754639    996.1160889    675.7382812    0.0154330    -0.0032337    -0.0121993    0.0165311    nan    nan
9581    -27.7129000    1.6788600    4.8429100    0.0012512    1338.3376465    945.2902222    621.1900024    0.0158899    -0.0031378    -0.0127521    0.0170917    nan    nan
9582    -27.6462000    1.7298000    4.8429000    0.0033280    1232.3872070    703.9302368    664.3809204    0.0020515    -0.0010111    -0.0010404    0.0020706    nan    nan
9583    -27.6249000    1.6955000    4.8429000    0.0031908    1295.1101074    798.0534668    721.7612915    0.0012826    -0.0004570    -0.0008256    0.0013098    nan    nan
9584    -27.6134000    1.6568100    4.8429000    0.0030894    1331.5391846    882.4657593    739.3461304    0.0010101    -0.0002722    -0.0007379    0.0010520    nan    nan
9585    -27.5214000    1.8254700    4.8429000    0.0162693    960.4290771    514.4733276    405.1079407    0.0002855    -0.0001076    -0.0001779    0.0002891    nan    nan
10125    -27.7263000    1.6907700    3.9177000    0.0012168    1254.8077393    864.5302734    536.6577759    0.0159138    -0.0028678    -0.0130461    0.0172333    nan    nan
10126    -27.7415000    1.6996700    3.9177000    0.0012801    1139.8665772    748.5134888    426.7904968    0.0148350    -0.0025795    -0.0122555    0.0161417    nan    nan
10127    -27.7586000    1.7049300    3.9177000    0.0012601    998.7897949    607.6807251    295.9136963    0.0123019    -0.0020531    -0.0102489    0.0134066    nan    nan
10128    -27.7475000    1.7883500    3.9177000    0.0036402    895.0734253    472.0770874    244.1690826    0.0041942    -0.0009534    -0.0032408    0.0044268    nan    nan
10129    -27.7092000    1.7772700    3.9177000    0.0037187    1026.4288330    583.4215698    383.9059143    0.0039807    -0.0011066    -0.0028741    0.0041406    nan    nan
10130    -27.6751000    1.7573200    3.9177000    0.0035854    1142.7220459    661.9586182    526.9392700    0.0030295    -0.0011252    -0.0019043    0.0030877    nan    nan
10132    -27.7265000    1.9480500    3.9177000    0.0178331    736.5025635    271.6602173    152.8168640    0.0010873    -0.0003476    -0.0007396    0.0011187    nan    nan
10134    -27.6487000    1.9250600    3.9177000    0.0177586    847.9602661    358.2594604    275.3975830    0.0011325    -0.0004313    -0.0007012    0.0011504    nan    nan
10136    -27.5786000    1.8835900    3.9176900    0.0176579    929.6592407    402.9397583    397.2947388    0.0007296    -0.0003513    -0.0003783    0.0007339    nan    nan
10137    -27.7864000    1.9556500    3.9177100    0.0088394    650.2849731    188.1848450    74.7966385    0.0005803    -0.0001750    -0.0004052    0.0005965    nan    nan
10139    -27.8236000    1.9556500    3.9177100    0.0078879    591.1232300    146.2493591    38.0072632    0.0003761    -0.0001125    -0.0002636    0.0003865    nan    nan
10141    -27.8581000    1.9529200    3.9177100    0.0076009    545.6792603    115.5664444    22.2152061    0.0001583    -0.0000504    -0.0001079    0.0001618    nan    nan
10165    -27.8458000    1.7940000    3.9177100    0.0018935    565.3015137    116.6499863    -11.4583673    0.0002249    -0.0000715    -0.0001534    0.0002300    nan    nan
10166    -27.8251000    1.7089300    3.9177000    0.0015425    584.0510254    143.7347565    -1.5192500    0.0005668    -0.0001625    -0.0004042    0.0005876    nan    nan
10167    -27.8236000    1.7922200    3.9177100    0.0020214    630.3073120    192.9571838    28.9523373    0.0010616    -0.0002916    -0.0007700    0.0010990    nan    nan
10168    -27.8056000    1.7071700    3.9177000    0.0012892    648.2834473    230.5156555    30.4949989    0.0019428    -0.0004515    -0.0014913    0.0020549    nan    nan
10169    -27.8019000    1.7908700    3.9177000    0.0019560    704.2424316    278.6172485    78.7876053    0.0022035    -0.0005318    -0.0016718    0.0023073    nan    nan
10170    -27.7890000    1.7058700    3.9177000    0.0010568    732.5529175    335.1813965    82.3526230    0.0041939    -0.0007915    -0.0034024    0.0045167    nan    nan
10171    -27.7792000    1.7909100    3.9177000    0.0022609    778.8143921    356.2449646    139.6880341    0.0031752    -0.0007176    -0.0024576    0.0033458    nan    nan
10172    -27.7744000    1.7059700    3.9177000    0.0009972    850.6472168    461.9012451    170.8210297    0.0074424    -0.0012333    -0.0062091    0.0080851    nan    nan
10173    -27.6966000    1.6459800    3.9176900    0.0014781    1416.0599365    1020.5949097    702.3568115    0.0150987    -0.0032460    -0.0118526    0.0161403    nan    nan
10174    -27.7025000    1.6636400    3.9176900    0.0014261    1391.9149170    997.5877075    676.2187500    0.0155460    -0.0032319    -0.0123140    0.0166621    nan    nan
10175    -27.7129000    1.6788700    3.9177000    0.0013619    1339.3061523    946.7474976    621.6776123    0.0160107    -0.0031362    -0.0128746    0.0172321    nan    nan
10176    -27.6462000    1.7298000    3.9176900    0.0036223    1235.5817871    708.4221802    666.1985474    0.0020675    -0.0010163    -0.0010512    0.0020869    nan    nan
10177    -27.6249000    1.6955000    3.9176900    0.0034729    1299.0270996    799.8413086    726.8128052    0.0012940    -0.0004662    -0.0008279    0.0013206    nan    nan
10178    -27.6134000    1.6568100    3.9176900    0.0033626    1336.1098633    884.3343506    744.8149414    0.0010211    -0.0002799    -0.0007412    0.0010621    nan    nan
10179    -27.5214000    1.8254700    3.9176900    0.0177078    964.2976074    516.4811401    409.8826599    0.0002878    -0.0001095    -0.0001783    0.0002912    nan    nan
10719    -27.7262000    1.6907800    2.9106900    0.0013243    1255.9472656    865.9756470    537.3836060    0.0160164    -0.0028671    -0.0131493    0.0173524    nan    nan
10720    -27.7415000    1.6996800    2.9106900    0.0013932    1140.9953613    749.9387207    427.4699707    0.0149356    -0.0025788    -0.0123569    0.0162591    nan    nan
10721    -27.7586000    1.7049400    2.9106900    0.0013715    999.8117065    609.0465698    296.4740601    0.0123887    -0.0020510    -0.0103377    0.0135085    nan    nan
10722    -27.7475000    1.7883500    2.9106900    0.0039620    896.6605225    474.6015930    245.1689758    0.0042259    -0.0009515    -0.0032745    0.0044635    nan    nan
10723    -27.7092000    1.7772700    2.9106900    0.0040475    1028.2164307    586.2213135    385.0648193    0.0040077    -0.0011054    -0.0029023    0.0041712    nan    nan
10724    -27.6751000    1.7573300    2.9106900    0.0039024    1144.8337402    665.1633911    528.2550659    0.0030483    -0.0011253    -0.0019230    0.0031082    nan    nan
10726    -27.7265000    1.9480600    2.9106900    0.0194097    738.3854980    274.9108276    153.6674194    0.0011019    -0.0003490    -0.0007528    0.0011345    nan    nan
10728    -27.6486000    1.9250700    2.9106900    0.0193287    850.2687378    361.8118896    276.5867310    0.0011454    -0.0004330    -0.0007125    0.0011641    nan    nan
10730    -27.5786000    1.8836000    2.9106800    0.0192191    932.3586426    405.7763367    399.6401367    0.0007362    -0.0003529    -0.0003834    0.0007406    nan    nan
10731    -27.7864000    1.9556600    2.9106900    0.0096208    651.7904663    191.2134247    75.1759644    0.0005914    -0.0001767    -0.0004147    0.0006084    nan    nan
10733    -27.8236000    1.9556600    2.9106900    0.0085852    592.5985718    148.8540039    37.9696617    0.0003815    -0.0001129    -0.0002686    0.0003924    nan    nan
10735    -27.8581000    1.9529300    2.9106900    0.0082728    546.8376465    118.0632629    21.9093666    0.0001627    -0.0000512    -0.0001116    0.0001665    nan    nan
10759    -27.8458000    1.7940100    2.9106900    0.0020609    566.3294678    119.3332825    -11.3518381    0.0002307    -0.0000725    -0.0001582    0.0002361    nan    nan
10760    -27.8251000    1.7089400    2.9106900    0.0016789    585.0401001    146.3698883    -1.3685255    0.0005766    -0.0001631    -0.0004135    0.0005984    nan    nan
10761    -27.8236000    1.7922300    2.9106900    0.0022001    631.5960083    195.6897888    29.4003754    0.0010755    -0.0002919    -0.0007836    0.0011145    nan    nan
