3 110 
621    -27.7129000    1.6897600    12.3736000    0.0003127    578.1931152    167.3175812    105.9765625    0.0004665    -0.0001997    -0.0002669    0.0004708    nan    nan
622    -27.7280000    1.6983200    12.3736000    0.0003290    500.5891724    107.8534393    48.2090378    0.0001921    -0.0000811    -0.0001110    0.0001940    nan    nan
669    -27.6833000    1.6458500    12.3735000    0.0003797    687.3761597    295.5134277    197.5106812    0.0008844    -0.0003509    -0.0005334    0.0008939    nan    nan
670    -27.6891000    1.6632400    12.3735000    0.0003664    671.7902222    270.9296875    182.4686279    0.0008161    -0.0003315    -0.0004847    0.0008244    nan    nan
671    -27.6995000    1.6781700    12.3735000    0.0003499    633.6724854    227.4273987    153.9858398    0.0007179    -0.0003029    -0.0004150    0.0007247    nan    nan
1215    -27.7129000    1.6897800    12.1140000    0.0003405    660.4435425    224.6938171    190.1039276    0.0005594    -0.0002599    -0.0002995    0.0005614    nan    nan
1216    -27.7281000    1.6983400    12.1140000    0.0003583    570.5310059    151.8601074    119.2276154    0.0002934    -0.0001363    -0.0001570    0.0002945    nan    nan
1263    -27.6833000    1.6458500    12.1139000    0.0004135    793.9189453    370.4387512    310.7451477    0.0010033    -0.0004405    -0.0005628    0.0010097    nan    nan
1264    -27.6892000    1.6632500    12.1139000    0.0003990    773.5230103    343.1559448    289.8892212    0.0009290    -0.0004149    -0.0005142    0.0009343    nan    nan
1265    -27.6996000    1.6781800    12.1140000    0.0003810    726.8341675    294.4719543    250.9698181    0.0008237    -0.0003778    -0.0004459    0.0008277    nan    nan
1809    -27.7129000    1.6897800    11.8314000    0.0003706    678.3215942    231.7286835    213.4269562    0.0006062    -0.0002888    -0.0003173    0.0006081    nan    nan
1810    -27.7281000    1.6983500    11.8314000    0.0003900    589.2370605    161.7932892    139.4783020    0.0003459    -0.0001608    -0.0001851    0.0003472    nan    nan
1857    -27.6833000    1.6458500    11.8314000    0.0004501    805.5257568    367.7475281    339.0381470    0.0010284    -0.0004823    -0.0005461    0.0010331    nan    nan
1858    -27.6892000    1.6632500    11.8314000    0.0004343    786.8348389    341.2669983    318.8480225    0.0009604    -0.0004580    -0.0005024    0.0009645    nan    nan
1859    -27.6996000    1.6781900    11.8314000    0.0004147    742.5635376    295.2947998    279.3342285    0.0008654    -0.0004200    -0.0004454    0.0008689    nan    nan
2403    -27.7130000    1.6897900    11.5238000    0.0004034    694.4745483    247.0196228    225.5914612    0.0006382    -0.0003008    -0.0003375    0.0006404    nan    nan
2404    -27.7281000    1.6983600    11.5238000    0.0004245    602.0959473    175.4733124    147.9352570    0.0003719    -0.0001697    -0.0002022    0.0003734    nan    nan
2451    -27.6834000    1.6458500    11.5237000    0.0004900    829.3625488    384.5585632    362.9850769    0.0010793    -0.0005123    -0.0005669    0.0010840    nan    nan
2452    -27.6892000    1.6632500    11.5238000    0.0004727    809.0600586    356.7370911    341.2438049    0.0010071    -0.0004860    -0.0005211    0.0010113    nan    nan
2453    -27.6996000    1.6781900    11.5238000    0.0004515    761.9986572    310.1467896    297.6697083    0.0009067    -0.0004407    -0.0004660    0.0009104    nan    nan
2997    -27.7130000    1.6898000    11.1889000    0.0004391    706.8838501    260.2322998    231.2859039    0.0006723    -0.0003113    -0.0003610    0.0006748    nan    nan
2998    -27.7282000    1.6983700    11.1890000    0.0004620    613.5217285    188.3965149    152.3287506    0.0004073    -0.0001815    -0.0002258    0.0004093    nan    nan
3045    -27.6834000    1.6458500    11.1889000    0.0005333    841.5223389    389.4930420    377.6508484    0.0011128    -0.0005387    -0.0005740    0.0011174    nan    nan
3046    -27.6892000    1.6632500    11.1889000    0.0005146    821.5107422    363.3064880    354.4106140    0.0010414    -0.0005108    -0.0005306    0.0010456    nan    nan
3047    -27.6996000    1.6781900    11.1889000    0.0004914    774.6180420    321.5950317    305.9134216    0.0009425    -0.0004547    -0.0004878    0.0009465    nan    nan
3591    -27.7130000    1.6898000    10.8245000    0.0004779    716.5583496    270.5655518    235.8245392    0.0006978    -0.0003189    -0.0003790    0.0007007    nan    nan
3592    -27.7282000    1.6983700    10.8245000    0.0005029    621.6185303    197.8115082    155.3192291    0.0004303    -0.0001885    -0.0002418    0.0004327    nan    nan
3639    -27.6834000    1.6458500    10.8245000    0.0005805    854.6944580    398.0460510    390.4155273    0.0011472    -0.0005607    -0.0005865    0.0011520    nan    nan
3640    -27.6893000    1.6632500    10.8245000    0.0005601    833.9592896    373.5719299    364.0377502    0.0010740    -0.0005288    -0.0005452    0.0010783    nan    nan
3641    -27.6996000    1.6782000    10.8245000    0.0005349    785.7940674    332.7571106    312.3831177    0.0009729    -0.0004654    -0.0005075    0.0009772    nan    nan
4185    -27.7130000    1.6898000    10.4279000    0.0005202    725.3495483    279.7004395    239.5953369    0.0007225    -0.0003263    -0.0003962    0.0007257    nan    nan
4186    -27.7282000    1.6983800    10.4279000    0.0005473    629.3618164    206.3152008    158.1675262    0.0004534    -0.0001957    -0.0002577    0.0004562    nan    nan
4233    -27.6834000    1.6458500    10.4279000    0.0006318    864.4414062    405.1293030    398.3739624    0.0011754    -0.0005794    -0.0005959    0.0011802    nan    nan
4234    -27.6893000    1.6632500    10.4279000    0.0006096    843.6541748    382.7705383    369.5951843    0.0011018    -0.0005414    -0.0005604    0.0011063    nan    nan
4235    -27.6997000    1.6782000    10.4279000    0.0005822    795.1875610    342.3357239    316.9184265    0.0010005    -0.0004745    -0.0005261    0.0010051    nan    nan
4779    -27.7130000    1.6898100    9.9961700    0.0005662    732.6466675    287.2640381    242.5813751    0.0007433    -0.0003324    -0.0004110    0.0007468    nan    nan
4780    -27.7282000    1.6983800    9.9961700    0.0005957    635.5881958    213.1960144    160.2433624    0.0004717    -0.0002011    -0.0002706    0.0004748    nan    nan
4827    -27.6834000    1.6458500    9.9961700    0.0006877    873.8796387    413.5993958    404.5030518    0.0012025    -0.0005953    -0.0006072    0.0012074    nan    nan
4828    -27.6893000    1.6632600    9.9961700    0.0006635    852.6716309    391.5174866    374.5673523    0.0011277    -0.0005514    -0.0005764    0.0011324    nan    nan
4829    -27.6997000    1.6782000    9.9961700    0.0006337    803.4356689    350.6643982    320.9094238    0.0010251    -0.0004825    -0.0005426    0.0010300    nan    nan
5373    -27.7130000    1.6898100    9.5262900    0.0006163    739.4353027    294.1184082    245.4108429    0.0007631    -0.0003383    -0.0004248    0.0007669    nan    nan
5374    -27.7282000    1.6983900    9.5262900    0.0006484    641.4678955    219.4736633    162.3215942    0.0004896    -0.0002066    -0.0002831    0.0004931    nan    nan
5421    -27.6834000    1.6458500    9.5262900    0.0007485    881.8170776    421.1923218    408.8977661    0.0012263    -0.0006070    -0.0006193    0.0012313    nan    nan
5422    -27.6893000    1.6632600    9.5262900    0.0007222    860.4679565    399.1624451    378.5240479    0.0011509    -0.0005596    -0.0005913    0.0011558    nan    nan
5423    -27.6997000    1.6782000    9.5262900    0.0006897    810.8430176    358.0611572    324.3726807    0.0010477    -0.0004899    -0.0005578    0.0010529    nan    nan
5967    -27.7130000    1.6898100    9.0148600    0.0006707    745.3413696    300.0626526    247.7726440    0.0007807    -0.0003435    -0.0004372    0.0007848    nan    nan
5968    -27.7282000    1.6983900    9.0148600    0.0007058    646.5385742    224.8757324    164.0074768    0.0005053    -0.0002112    -0.0002941    0.0005091    nan    nan
