90 
0 0 0.0309997155494 0.0 0 0 0 
1 0.0289147291332 0.0311492613088 0.0 0 0 0 
2 0.115674436092 0.0312993517912 0.0 0 0 0 
3 0.260264933109 0.0314716941719 0.0333127618358 0.0237694899333 823.524719238 0.000803894654382 
4 0.462675571442 0.031701629536 0.0433353844249 0.0396783190008 1031.66467285 0.00229258625768 
5 0.722916841507 0.0319736980596 0.0466245216113 0.0468601695538 1213.86779785 0.00396506674588 
6 1.04088020325 0.0323044519993 0.0941342949748 0.089869248317 1320.96154785 0.00623080693185 
7 1.41660559177 0.0326915395824 0.10195656203 0.136742267103 1395.95739746 0.00853450689465 
8 1.84996175766 0.0331289251768 0.158752249499 0.288060939274 1453.74572754 0.0114830452949 
9 2.34093403816 0.0336150328833 0.226512094565 0.439487767922 1496.91589355 0.0147535931319 
10 2.88945651054 0.0341517459673 0.297548955597 0.641459687788 1529.4473877 0.0183253530413 
11 3.49548697472 0.0347389980838 0.368865398676 0.943117108749 1560.81689453 0.0222724359483 
12 4.15896987915 0.0353779231502 0.43709244409 1.39063458202 1588.45251465 0.0264940019697 
13 4.87987756729 0.0360667073485 0.511359298619 1.88101617823 1608.36218262 0.0309669598937 
14 5.65815830231 0.0368070498831 0.591387651707 2.58798271806 1624.12329102 0.0356940403581 
15 6.49382162094 0.0375998667117 0.678036179515 3.47405380278 1663.85864258 0.0406825356185 
16 7.3868637085 0.0384451071409 0.757187118088 4.45604210621 1697.46069336 0.0459203459322 
17 8.337266922 0.0393435738409 0.866830714553 5.86604161361 1726.00134277 0.0515072271228 
18 9.34507083893 0.040297468861 0.912565183076 7.54202377076 1750.14685059 0.0573431029916 
19 10.4104423523 0.0413073295755 1.01772691429 9.20131667664 1770.48168945 0.0634214654565 
20 11.533367157 0.0423761977185 1.16729258293 11.581586956 1787.43664551 0.069769911468 
21 12.7142162323 0.043504097041 1.30806649654 14.2521208184 1801.47631836 0.0763623565435 
22 13.9527130127 0.0446906911753 1.46959001588 17.6001234678 1813.02233887 0.083178833127 
23 15.2493076324 0.0459413776145 1.52300546795 20.6940726956 1822.17089844 0.0902596414089 
24 16.6042823792 0.047255606337 1.72890284467 25.0601945485 1829.23608398 0.0975996255875 
25 18.0177688599 0.0486166207525 1.88016035931 29.768619786 1834.52038574 0.105151183903 
26 19.4895629883 0.0499692216197 1.95299019712 34.8605827246 1838.15588379 0.112972594798 
27 21.0208816528 0.0513730039185 2.15820016894 41.3545603083 1840.3527832 0.121038913727 
28 22.6110057831 0.0528265128662 2.19313561025 48.2905409504 1841.29626465 0.129318639636 
29 24.2600402832 0.0543356792102 2.43535376226 54.9907308935 1854.23095703 0.137865543365 
30 25.9664897919 0.0558945652094 2.66412731116 64.7529604295 1868.77770996 0.146630883217 
31 27.7267971039 0.0575037136369 2.68367319012 72.5147956605 1881.57019043 0.155595511198 
32 29.5445709229 0.0591642292333 2.98741355371 82.8623346154 1892.61755371 0.164794683456 
33 31.4192276001 0.0608705010614 3.01054303735 96.0417156586 1902.09790039 0.174165636301 
34 33.3480453491 0.0626287814277 3.31133616182 105.060850772 1909.97351074 0.183751165867 
35 35.3357048035 0.0644357499007 3.45732263044 121.358243226 1916.42346191 0.19352991879 
36 37.3792228699 0.0662965687522 3.60134994503 133.348465497 1921.48681641 0.203742712736 
37 39.4819259644 0.0682086291945 3.87494446749 149.854849333 1925.2598877 0.214192837477 
38 41.6393966675 0.0701722398578 4.04164396906 163.651251996 1927.80847168 0.224876880646 
39 43.8539237976 0.0721854958765 4.14440164491 184.416003223 1929.24975586 0.235791742802 
40 46.1201057434 0.0742435663195 4.44120878159 201.260741896 1929.66503906 0.246906772256 
41 48.4417304993 0.0763482619153 4.51101113733 218.551824643 1929.6394043 0.258237183094 
42 50.8184661865 0.0784956787511 4.84544579886 232.926331566 1929.23461914 0.269771397114 
43 53.2501831055 0.0806868097775 4.88608855783 249.614048017 1938.17321777 0.281502425671 
44 55.7308349609 0.0828940572856 5.15837933965 268.683004886 1946.65112305 0.293806374073 
45 58.263458252 0.0851215927527 5.42242310565 288.624041037 1954.01245117 0.306569457054 
46 60.8368263245 0.0873907994451 5.42177505834 302.175538966 1960.23120117 0.319546014071 
47 63.4373474121 0.0897013425118 5.65159980351 331.787548739 1965.2310791 0.332670241594 
48 66.0624237061 0.0920544230907 5.65236816177 361.566796663 1969.05432129 0.345968127251 
49 68.7168960571 0.094445670286 5.65314820877 383.897471914 1971.81103516 0.359874546528 
50 71.4187698364 0.0968831009368 5.65392831367 403.417367316 1973.70227051 0.374155879021 
51 74.1615524292 0.0993675205185 5.65471484671 423.178782202 1974.71447754 0.388778448105 
52 76.9486999512 0.1018930798 5.67681304558 446.91709812 1974.85583496 0.403896123171 
53 79.7900695801 0.104465550267 5.67822611325 466.588055371 1974.47399902 0.419678062201 
54 82.6758041382 0.107074119589 5.67965863805 477.482610541 1973.62121582 0.435727566481 
55 85.6066055298 0.109721394678 5.68111133877 485.115448049 1972.16491699 0.452108204365 
56 88.5867767334 0.112412851016 5.68258816707 491.731535677 1977.79821777 0.468864172697 
57 91.6195907593 0.115151724013 5.68408654738 499.640470752 1983.8927002 0.486021667719 
58 94.6997756958 0.117926906939 5.68560603518 505.717577993 1989.2175293 0.503557085991 
59 97.8332672119 0.120741658241 5.68714637875 511.784044278 1993.7121582 0.521754920483 
60 100.995506287 0.123578685602 5.68870305925 516.584038947 1997.3380127 0.540293157101 
61 104.183174133 0.126441831492 5.69027239508 519.761124412 2000.06347656 0.558866620064 
62 107.408676147 0.129340324151 5.69186083766 522.262320131 2001.92492676 0.577567636967 
63 110.669548035 0.132270044131 5.69346852334 525.079886561 2002.96569824 0.596378147602 
64 113.964439392 0.135233043248 5.69509722207 530.085387809 2003.23693848 0.615374743938 
65 117.293388367 0.138231236023 5.69674846085 536.896565774 2002.77185059 0.634515166283 
66 120.655036926 0.141260769632 5.69841673127 540.422516003 2001.60546875 0.653799831867 
67 124.052993774 0.144321350039 5.70010643259 543.090975628 2000.86035156 0.673193097115 
68 127.490730286 0.147416162747 5.70181669433 545.774207769 2006.36523438 0.692776143551 
69 130.976486206 0.150552655198 5.70355060484 548.471993935 2011.12817383 0.712621688843 
70 134.507751465 0.153727708909 5.7053053662 549.598613561 2015.09521484 0.732670605183 
71 138.082199097 0.156938172598 5.70707840181 552.646592956 2018.25341797 0.752859532833 
72 141.702056885 0.160184609631 5.7088722034 553.024117202 2020.60778809 0.773192346096 
73 145.361480713 0.163462969655 5.71068289958 554.380542696 2022.16503906 0.793620884418 
74 149.064041138 0.166777264546 5.71251143932 555.824128568 2022.94519043 0.814170956612 
75 152.803588867 0.170121140071 5.71435714902 556.202733478 2022.98168945 0.834848284721 
76 156.577560425 0.173493081286 5.71621651461 557.060405071 2022.31640625 0.855658650398 
77 160.395187378 0.176901990783 5.71809459242 558.520599978 2020.98706055 0.876605987549 
78 164.257629395 0.18034722118 5.71810066689 541.405622759 2019.57653809 0.897692024708 
79 168.166366577 0.183829728934 5.71837976349 540.552730717 2023.91491699 0.919011592865 
80 172.11328125 0.187348999883 5.7180981771 540.298861281 2027.54406738 0.940479516983 
81 176.090362549 0.190899243427 5.71740775698 539.34048238 2030.43005371 0.962008833885 
82 180.102325439 0.194477648919 5.71783025786 539.757394013 2032.55810547 0.983560919762 
83 184.151733398 0.198086478555 5.68322230078 539.658224183 2033.93676758 1.00514709949 
84 188.236740112 0.201724422914 5.68419098116 539.739177811 2034.58056641 1.02674615383 
85 192.351501465 0.205389538282 5.68516411846 540.606029647 2034.52294922 1.04833900928 
86 196.502914429 0.209083092503 5.6861445884 541.067720626 2033.80200195 1.06991302967 
87 200.688583374 0.212803097066 5.68713194083 541.234738482 2032.4395752 1.09140956402 
88 204.902633667 0.216546495027 5.68812421265 541.23856509 2030.63574219 1.11279153824 
89 209.144500732 0.220311023915 5.68912162386 541.392048413 2034.56420898 1.13402664661 
