5 215 
621    -27.7285000    1.6682200    12.3733000    0.0000827    810.6779175    309.8767700    257.5724182    0.0017335    -0.0007347    -0.0009988    0.0017501    nan    nan
622    -27.7337000    1.6720500    12.3733000    0.0000828    762.4862061    258.3634949    211.1397095    0.0014440    -0.0006174    -0.0008266    0.0014573    nan    nan
623    -27.7395000    1.6750300    12.3733000    0.0000829    708.2570190    206.8957367    156.0650940    0.0011027    -0.0004737    -0.0006290    0.0011119    nan    nan
624    -27.7456000    1.6771200    12.3734000    0.0000830    648.4800415    154.8770447    98.3473663    0.0007388    -0.0003191    -0.0004197    0.0007435    nan    nan
625    -27.7520000    1.6783600    12.3734000    0.0000836    582.6724854    102.4113922    43.5361786    0.0003873    -0.0001708    -0.0002165    0.0003894    nan    nan
692    -27.7140000    1.6400400    12.3733000    0.0000843    932.1782837    478.7742310    361.5944214    0.0022651    -0.0009542    -0.0013109    0.0022901    nan    nan
693    -27.7152000    1.6464600    12.3733000    0.0000834    925.1852417    461.6276245    356.9629822    0.0023408    -0.0009641    -0.0013766    0.0023688    nan    nan
694    -27.7173000    1.6526300    12.3733000    0.0000829    909.2424927    437.5532227    343.3893127    0.0022583    -0.0009371    -0.0013212    0.0022843    nan    nan
695    -27.7202000    1.6584000    12.3733000    0.0000825    884.5462036    402.6467590    322.6896973    0.0021393    -0.0008928    -0.0012465    0.0021626    nan    nan
696    -27.7240000    1.6636300    12.3733000    0.0000824    851.6095581    359.3539124    294.3320618    0.0019642    -0.0008256    -0.0011386    0.0019841    nan    nan
1519    -27.7286000    1.6682400    12.1138000    0.0000901    932.8739014    439.7355957    392.3668213    0.0020141    -0.0005791    -0.0014350    0.0020795    nan    nan
1520    -27.7338000    1.6720700    12.1138000    0.0000902    873.4685059    381.8152771    327.8917847    0.0017062    -0.0005094    -0.0011968    0.0017568    nan    nan
1521    -27.7395000    1.6750600    12.1138000    0.0000902    807.6458740    317.1307983    257.7672119    0.0013420    -0.0004207    -0.0009213    0.0013767    nan    nan
1522    -27.7457000    1.6771400    12.1138000    0.0000904    736.9148560    247.2083130    186.2734528    0.0009572    -0.0003122    -0.0006450    0.0009778    nan    nan
1523    -27.7520000    1.6783900    12.1138000    0.0000910    661.0458374    177.3205872    116.2024460    0.0005885    -0.0002061    -0.0003824    0.0005982    nan    nan
1590    -27.7141000    1.6400400    12.1138000    0.0000918    1090.7946777    603.1644897    561.5303955    0.0025877    -0.0007337    -0.0018540    0.0026802    nan    nan
1591    -27.7153000    1.6464700    12.1138000    0.0000908    1081.6375732    590.1738281    550.1743774    0.0026652    -0.0007346    -0.0019307    0.0027657    nan    nan
1592    -27.7173000    1.6526400    12.1138000    0.0000903    1060.1699219    567.1661987    527.6643677    0.0025772    -0.0007130    -0.0018641    0.0026730    nan    nan
1593    -27.7202000    1.6584100    12.1138000    0.0000899    1027.3404541    533.5684814    493.5570374    0.0024483    -0.0006807    -0.0017676    0.0025372    nan    nan
1594    -27.7240000    1.6636500    12.1138000    0.0000897    984.5341797    490.5655212    448.2870483    0.0022597    -0.0006347    -0.0016250    0.0023377    nan    nan
2417    -27.7286000    1.6682400    11.8312000    0.0000981    928.9185791    435.0543823    382.7990723    0.0021886    -0.0006130    -0.0015756    0.0022633    nan    nan
2418    -27.7338000    1.6720800    11.8312000    0.0000981    872.7438965    385.0869446    319.6980286    0.0018756    -0.0005361    -0.0013395    0.0019369    nan    nan
2419    -27.7396000    1.6750700    11.8312000    0.0000982    810.2787476    327.9987488    251.3336792    0.0014981    -0.0004412    -0.0010568    0.0015435    nan    nan
2420    -27.7457000    1.6771500    11.8312000    0.0000984    742.6612549    265.0070190    181.5104065    0.0010854    -0.0003282    -0.0007572    0.0011151    nan    nan
2421    -27.7521000    1.6784000    11.8312000    0.0000991    669.2910767    200.0354767    113.2464294    0.0006712    -0.0002137    -0.0004575    0.0006866    nan    nan
2488    -27.7141000    1.6400400    11.8312000    0.0000999    1076.6358643    564.5746460    557.8939209    0.0027462    -0.0007933    -0.0019529    0.0028390    nan    nan
2489    -27.7153000    1.6464700    11.8312000    0.0000988    1068.0950928    557.1795044    542.6653442    0.0028256    -0.0007909    -0.0020346    0.0029272    nan    nan
2490    -27.7173000    1.6526400    11.8312000    0.0000983    1048.0034180    539.3917236    518.6316528    0.0027418    -0.0007659    -0.0019759    0.0028404    nan    nan
2491    -27.7203000    1.6584100    11.8312000    0.0000978    1017.4503174    512.9358521    483.4623718    0.0026176    -0.0007287    -0.0018889    0.0027114    nan    nan
2492    -27.7241000    1.6636500    11.8312000    0.0000976    977.5001831    477.9076538    438.0443115    0.0024332    -0.0006771    -0.0017562    0.0025188    nan    nan
3315    -27.7286000    1.6682500    11.5236000    0.0001068    954.8526611    466.0681763    401.6918030    0.0023326    -0.0006043    -0.0017283    0.0024267    nan    nan
3316    -27.7338000    1.6720900    11.5236000    0.0001068    895.0153809    412.7440796    336.1495361    0.0020109    -0.0005322    -0.0014787    0.0020886    nan    nan
3317    -27.7396000    1.6750700    11.5236000    0.0001069    828.7221069    352.1822815    264.7087402    0.0016199    -0.0004436    -0.0011763    0.0016783    nan    nan
3318    -27.7457000    1.6771600    11.5236000    0.0001071    757.2802124    285.4685669    191.2086639    0.0011893    -0.0003362    -0.0008531    0.0012284    nan    nan
3319    -27.7521000    1.6784100    11.5236000    0.0001078    681.0204468    217.0846405    119.7597275    0.0007608    -0.0002248    -0.0005359    0.0007825    nan    nan
3386    -27.7141000    1.6400400    11.5236000    0.0001088    1113.5496826    605.8892212    581.3322144    0.0029092    -0.0007758    -0.0021334    0.0030263    nan    nan
3387    -27.7153000    1.6464700    11.5236000    0.0001076    1104.2706299    597.2492676    566.4013062    0.0029849    -0.0007726    -0.0022123    0.0031110    nan    nan
3388    -27.7174000    1.6526400    11.5236000    0.0001070    1082.6638184    578.1591187    541.8816528    0.0029003    -0.0007492    -0.0021512    0.0030230    nan    nan
3389    -27.7203000    1.6584200    11.5236000    0.0001065    1049.7573242    549.6895142    505.7309875    0.0027728    -0.0007141    -0.0020588    0.0028898    nan    nan
3390    -27.7241000    1.6636600    11.5236000    0.0001063    1006.8151245    512.0916138    458.7934875    0.0025835    -0.0006654    -0.0019181    0.0026908    nan    nan
4213    -27.7286000    1.6682500    11.1888000    0.0001162    963.8336182    476.6669006    404.2126770    0.0024547    -0.0006133    -0.0018414    0.0025609    nan    nan
4214    -27.7339000    1.6720900    11.1888000    0.0001163    904.0763550    424.3761291    339.2744446    0.0021307    -0.0005411    -0.0015896    0.0022199    nan    nan
4215    -27.7396000    1.6750800    11.1888000    0.0001164    837.8433838    365.0614624    268.1657715    0.0017331    -0.0004534    -0.0012796    0.0018018    nan    nan
4216    -27.7457000    1.6771700    11.1888000    0.0001166    766.4976807    299.7342834    194.6435699    0.0012914    -0.0003480    -0.0009434    0.0013390    nan    nan
4217    -27.7521000    1.6784200    11.1888000    0.0001174    690.3066406    231.9310303    123.0244904    0.0008473    -0.0002352    -0.0006121    0.0008756    nan    nan
4284    -27.7141000    1.6400500    11.1888000    0.0001184    1122.3114014    613.1267700    582.0547485    0.0030254    -0.0007853    -0.0022401    0.0031537    nan    nan
4285    -27.7153000    1.6464700    11.1888000    0.0001171    1113.0859375    605.0064697    567.0582275    0.0031007    -0.0007813    -0.0023195    0.0032384    nan    nan
4286    -27.7174000    1.6526500    11.1888000    0.0001165    1091.4449463    586.3770752    542.6766968    0.0030182    -0.0007580    -0.0022603    0.0031527    nan    nan
4287    -27.7203000    1.6584200    11.1888000    0.0001159    1058.5800781    558.5888062    506.9469299    0.0028927    -0.0007231    -0.0021696    0.0030218    nan    nan
4288    -27.7241000    1.6636600    11.1888000    0.0001157    1015.7125244    521.8534546    460.5944824    0.0027051    -0.0006749    -0.0020303    0.0028248    nan    nan
5111    -27.7287000    1.6682600    10.8244000    0.0001265    975.5780029    489.8623657    410.8644409    0.0025582    -0.0006143    -0.0019439    0.0026770    nan    nan
5112    -27.7339000    1.6721000    10.8244000    0.0001265    914.4822998    436.8460999    345.2521973    0.0022302    -0.0005433    -0.0016869    0.0023308    nan    nan
5113    -27.7396000    1.6750900    10.8244000    0.0001266    846.8043213    376.8026428    273.1286621    0.0018254    -0.0004578    -0.0013676    0.0019039    nan    nan
5114    -27.7458000    1.6771800    10.8244000    0.0001269    773.9320679    310.5878601    198.1954193    0.0013725    -0.0003547    -0.0010178    0.0014278    nan    nan
5115    -27.7521000    1.6784200    10.8244000    0.0001278    696.5892334    241.7249451    125.3920746    0.0009157    -0.0002425    -0.0006732    0.0009498    nan    nan
5181    -27.7598000    1.6788800    10.8244000    0.0001753    594.1690063    146.8405304    56.5910606    0.0001040    -0.0000367    -0.0000673    0.0001056    nan    nan
5182    -27.7141000    1.6400500    10.8244000    0.0001289    1137.9534912    628.1969604    589.8144531    0.0031349    -0.0007850    -0.0023498    0.0032768    nan    nan
5183    -27.7154000    1.6464700    10.8244000    0.0001275    1128.4456787    619.8084106    574.8373413    0.0032079    -0.0007803    -0.0024276    0.0033593    nan    nan
5184    -27.7174000    1.6526500    10.8244000    0.0001268    1106.2825928    601.0059204    550.3574829    0.0031260    -0.0007574    -0.0023686    0.0032743    nan    nan
5185    -27.7203000    1.6584200    10.8244000    0.0001262    1072.6090088    572.9046021    514.4251099    0.0029999    -0.0007230    -0.0022769    0.0031427    nan    nan
5186    -27.7241000    1.6636600    10.8244000    0.0001259    1028.6914062    535.7368164    467.7156067    0.0028110    -0.0006755    -0.0021355    0.0029441    nan    nan
6009    -27.7287000    1.6682600    10.4277000    0.0001377    983.9884644    498.9968262    414.5299072    0.0026509    -0.0006194    -0.0020315    0.0027801    nan    nan
6010    -27.7339000    1.6721000    10.4277000    0.0001377    922.3469849    445.8991394    348.9689026    0.0023207    -0.0005482    -0.0017725    0.0024309    nan    nan
6011    -27.7396000    1.6750900    10.4277000    0.0001378    854.0952759    386.0202942    276.6538696    0.0019109    -0.0004638    -0.0014470    0.0019979    nan    nan
6012    -27.7458000    1.6771800    10.4277000    0.0001381    780.6974487    320.0787354    201.2993164    0.0014502    -0.0003624    -0.0010878    0.0015127    nan    nan
6013    -27.7521000    1.6784300    10.4277000    0.0001391    702.9089966    251.1585999    127.9890976    0.0009826    -0.0002502    -0.0007324    0.0010222    nan    nan
6079    -27.7598000    1.6788900    10.4277000    0.0001908    599.6448364    156.1751099    57.8203201    0.0001363    -0.0000463    -0.0000900    0.0001388    nan    nan
6080    -27.7142000    1.6400500    10.4277000    0.0001403    1148.0972900    637.3710938    593.0007935    0.0032269    -0.0007888    -0.0024381    0.0033792    nan    nan
6081    -27.7154000    1.6464700    10.4277000    0.0001387    1138.4914551    628.9270020    578.1511841    0.0032988    -0.0007836    -0.0025152    0.0034606    nan    nan
6082    -27.7174000    1.6526500    10.4277000    0.0001380    1116.0499268    610.0994873    553.7138672    0.0032180    -0.0007609    -0.0024571    0.0033769    nan    nan
6083    -27.7203000    1.6584300    10.4277000    0.0001374    1082.0018310    581.9878540    517.8927002    0.0030925    -0.0007269    -0.0023656    0.0032460    nan    nan
6084    -27.7241000    1.6636700    10.4277000    0.0001371    1037.6231690    544.8411255    471.2966003    0.0029041    -0.0006800    -0.0022241    0.0030478    nan    nan
6907    -27.7287000    1.6682600    9.9960300    0.0001499    992.0715332    507.6837463    418.4927063    0.0027337    -0.0006223    -0.0021114    0.0028729    nan    nan
6908    -27.7339000    1.6721100    9.9960300    0.0001499    929.6711426    454.2071838    352.7353516    0.0024012    -0.0005510    -0.0018502    0.0025206    nan    nan
6909    -27.7396000    1.6751000    9.9960300    0.0001500    860.5932617    394.1074524    279.9665833    0.0019868    -0.0004679    -0.0015190    0.0020820    nan    nan
6910    -27.7458000    1.6771900    9.9960400    0.0001504    786.3202515    327.8914185    203.8774261    0.0015188    -0.0003680    -0.0011508    0.0015880    nan    nan
6911    -27.7521000    1.6784400    9.9960400    0.0001513    707.8242188    258.4808044    129.8614044    0.0010417    -0.0002562    -0.0007855    0.0010867    nan    nan
6977    -27.7598000    1.6788900    9.9960400    0.0002077    603.5444336    163.0390625    58.2978516    0.0001646    -0.0000542    -0.0001104    0.0001679    nan    nan
6978    -27.7142000    1.6400500    9.9960300    0.0001527    1158.3510742    646.5216064    597.0889893    0.0033114    -0.0007905    -0.0025209    0.0034739    nan    nan
6979    -27.7154000    1.6464700    9.9960300    0.0001510    1148.5911865    637.9526367    582.2957764    0.0033817    -0.0007848    -0.0025969    0.0035538    nan    nan
6980    -27.7174000    1.6526500    9.9960300    0.0001502    1125.8519287    619.0874023    557.8700562    0.0033018    -0.0007624    -0.0025394    0.0034710    nan    nan
6981    -27.7204000    1.6584300    9.9960300    0.0001495    1091.3508301    590.8993530    522.0480957    0.0031765    -0.0007286    -0.0024479    0.0033403    nan    nan
6982    -27.7241000    1.6636700    9.9960300    0.0001492    1046.3909912    553.6510620    475.3995056    0.0029877    -0.0006821    -0.0023056    0.0031417    nan    nan
7805    -27.7287000    1.6682700    9.5261600    0.0001631    998.9501343    514.8438110    421.6171265    0.0028088    -0.0006258    -0.0021831    0.0029570    nan    nan
7806    -27.7339000    1.6721100    9.5261600    0.0001632    935.9898071    461.1894226    355.8049011    0.0024745    -0.0005545    -0.0019201    0.0026023    nan    nan
7807    -27.7396000    1.6751000    9.5261600    0.0001633    866.3253174    401.0242615    282.8136597    0.0020565    -0.0004720    -0.0015845    0.0021591    nan    nan
7808    -27.7458000    1.6771900    9.5261600    0.0001636    791.4796143    334.8403625    206.3011627    0.0015826    -0.0003735    -0.0012091    0.0016581    nan    nan
7809    -27.7521000    1.6784400    9.5261600    0.0001647    712.5140991    265.2456665    131.8239899    0.0010973    -0.0002617    -0.0008356    0.0011474    nan    nan
7875    -27.7598000    1.6789000    9.5261600    0.0002261    607.4757080    169.6724548    59.1390572    0.0001926    -0.0000615    -0.0001311    0.0001970    nan    nan
7876    -27.7142000    1.6400500    9.5261600    0.0001662    1166.9830322    654.0372925    600.1119385    0.0033868    -0.0007929    -0.0025939    0.0035582    nan    nan
7877    -27.7154000    1.6464700    9.5261600    0.0001644    1157.1109619    645.3796997    585.3967285    0.0034559    -0.0007869    -0.0026690    0.0036369    nan    nan
7878    -27.7174000    1.6526500    9.5261600    0.0001635    1134.1082764    626.4602051    560.9821777    0.0033768    -0.0007646    -0.0026122    0.0035550    nan    nan
7879    -27.7204000    1.6584300    9.5261600    0.0001627    1099.2467041    598.2078247    525.2031860    0.0032520    -0.0007311    -0.0025209    0.0034248    nan    nan
7880    -27.7241000    1.6636700    9.5261600    0.0001624    1053.8165283    560.8856812    478.5680847    0.0030633    -0.0006851    -0.0023783    0.0032263    nan    nan
8703    -27.7287000    1.6682700    9.0147400    0.0001775    1005.2799683    521.3560181    424.5756531    0.0028773    -0.0006283    -0.0022490    0.0030338    nan    nan
8704    -27.7339000    1.6721100    9.0147400    0.0001776    941.7574463    467.5072632    358.6585388    0.0025413    -0.0005571    -0.0019842    0.0026769    nan    nan
8705    -27.7396000    1.6751100    9.0147400    0.0001778    871.4932251    407.1835022    285.4110718    0.0021201    -0.0004753    -0.0016448    0.0022297    nan    nan
8706    -27.7458000    1.6772000    9.0147400    0.0001781    796.0169678    340.8816834    208.4216003    0.0016409    -0.0003780    -0.0012629    0.0017223    nan    nan
8707    -27.7521000    1.6784500    9.0147400    0.0001793    716.5191650    270.9600525    133.4441528    0.0011483    -0.0002664    -0.0008819    0.0012033    nan    nan
8773    -27.7598000    1.6789100    9.0147400    0.0002461    610.7188110    175.1595764    59.7032394    0.0002186    -0.0000680    -0.0001507    0.0002240    nan    nan
8774    -27.7142000    1.6400500    9.0147400    0.0001809    1174.9583740    660.8364258    603.0219116    0.0034558    -0.0007947    -0.0026612    0.0036356    nan    nan
8775    -27.7154000    1.6464800    9.0147400    0.0001789    1164.9747315    652.0939941    588.3627930    0.0035237    -0.0007883    -0.0027354    0.0037130    nan    nan
8776    -27.7174000    1.6526500    9.0147400    0.0001779    1141.7458496    633.1498413    563.9732056    0.0034454    -0.0007661    -0.0026792    0.0036321    nan    nan
8777    -27.7204000    1.6584300    9.0147400    0.0001771    1106.5126953    604.8334351    528.2026367    0.0033208    -0.0007328    -0.0025880    0.0035021    nan    nan
8778    -27.7241000    1.6636700    9.0147400    0.0001768    1060.6563721    567.4616089    481.5764465    0.0031322    -0.0006871    -0.0024451    0.0033037    nan    nan
9601    -27.7287000    1.6682700    8.4581100    0.0001932    1010.9326172    527.0513306    427.1499329    0.0029400    -0.0006309    -0.0023091    0.0031042    nan    nan
9602    -27.7339000    1.6721200    8.4581100    0.0001933    946.9169922    473.0398254    361.1651001    0.0026026    -0.0005597    -0.0020429    0.0027453    nan    nan
9603    -27.7396000    1.6751100    8.4581100    0.0001935    876.1441650    412.6145630    287.7352295    0.0021786    -0.0004784    -0.0017002    0.0022947    nan    nan
9604    -27.7458000    1.6772000    8.4581100    0.0001939    800.1602173    346.2882690    210.3954468    0.0016948    -0.0003821    -0.0013127    0.0017818    nan    nan
9605    -27.7521000    1.6784500    8.4581100    0.0001951    720.2250366    276.2114563    134.9967957    0.0011955    -0.0002709    -0.0009247    0.0012551    nan    nan
9671    -27.7598000    1.6789100    8.4581100    0.0002678    613.8100586    180.2795410    60.3852806    0.0002435    -0.0000738    -0.0001697    0.0002500    nan    nan
9672    -27.7142000    1.6400500    8.4581000    0.0001969    1182.0364990    666.8145142    605.5096436    0.0035181    -0.0007964    -0.0027217    0.0037054    nan    nan
9673    -27.7154000    1.6464800    8.4581000    0.0001947    1171.9306641    658.0108643    590.8923950    0.0035851    -0.0007898    -0.0027953    0.0037820    nan    nan
9674    -27.7174000    1.6526600    8.4581000    0.0001937    1148.5041504    639.0040283    566.5026245    0.0035077    -0.0007677    -0.0027399    0.0037020    nan    nan
9675    -27.7204000    1.6584300    8.4581000    0.0001928    1113.0534668    610.6855469    530.8234253    0.0033838    -0.0007347    -0.0026491    0.0035728    nan    nan
9676    -27.7241000    1.6636800    8.4581100    0.0001924    1066.7773438    573.2315063    484.1918335    0.0031952    -0.0006892    -0.0025060    0.0033744    nan    nan
10499    -27.7287000    1.6682800    7.8522600    0.0002103    1016.0477295    532.1720581    429.4957275    0.0029979    -0.0006330    -0.0023648    0.0031692    nan    nan
10500    -27.7339000    1.6721200    7.8522600    0.0002104    951.5885010    478.0134888    363.4562683    0.0026591    -0.0005619    -0.0020971    0.0028085    nan    nan
10501    -27.7396000    1.6751100    7.8522600    0.0002106    880.3449707    417.4767456    289.8565674    0.0022325    -0.0004810    -0.0017515    0.0023547    nan    nan
10502    -27.7458000    1.6772100    7.8522600    0.0002110    803.8754272    351.0802002    212.1836853    0.0017444    -0.0003856    -0.0013588    0.0018367    nan    nan
10503    -27.7522000    1.6784600    7.8522600    0.0002124    723.4977417    280.9450684    136.3097534    0.0012391    -0.0002756    -0.0009635    0.0013028    nan    nan
10569    -27.7598000    1.6789200    7.8522600    0.0002915    616.5297241    184.7302094    60.9636002    0.0002670    -0.0000791    -0.0001879    0.0002746    nan    nan
10570    -27.7142000    1.6400500    7.8522600    0.0002143    1188.3005371    672.4775391    607.8402710    0.0035780    -0.0007995    -0.0027784    0.0037723    nan    nan
10571    -27.7154000    1.6464800    7.8522600    0.0002120    1178.1363525    663.6826172    593.2924805    0.0036451    -0.0007930    -0.0028521    0.0038491    nan    nan
10572    -27.7174000    1.6526600    7.8522600    0.0002108    1154.5183106    644.5856934    568.8764648    0.0035684    -0.0007708    -0.0027976    0.0037699    nan    nan
10573    -27.7204000    1.6584400    7.8522600    0.0002098    1118.8653565    615.8621216    533.0952759    0.0034427    -0.0007362    -0.0027065    0.0036391    nan    nan
10574    -27.7241000    1.6636800    7.8522600    0.0002094    1072.2978516    578.3998413    486.5442200    0.0032537    -0.0006910    -0.0025627    0.0034402    nan    nan
11397    -27.7287000    1.6682800    7.1928500    0.0002289    1020.5804443    536.6776123    431.5397949    0.0030515    -0.0006351    -0.0024164    0.0032294    nan    nan
11398    -27.7339000    1.6721200    7.1928500    0.0002290    955.7438354    482.4000244    365.4790955    0.0027111    -0.0005640    -0.0021471    0.0028668    nan    nan
11399    -27.7396000    1.6751200    7.1928500    0.0002292    884.1022339    421.7827454    291.7559814    0.0022822    -0.0004835    -0.0017987    0.0024100    nan    nan
11400    -27.7458000    1.6772100    7.1928500    0.0002297    807.2297363    355.3603210    213.8212585    0.0017903    -0.0003889    -0.0014014    0.0018874    nan    nan
11401    -27.7522000    1.6784600    7.1928500    0.0002312    726.4663696    285.2047729    137.5351868    0.0012794    -0.0002798    -0.0009996    0.0013470    nan    nan
11467    -27.7598000    1.6789200    7.1928500    0.0003173    619.0456543    188.8005219    61.5637932    0.0002893    -0.0000839    -0.0002054    0.0002980    nan    nan
11468    -27.7142000    1.6400500    7.1928400    0.0002332    1193.7971191    677.9405518    610.0435181    0.0036359    -0.0008044    -0.0028315    0.0038368    nan    nan
11469    -27.7154000    1.6464800    7.1928400    0.0002307    1183.4921875    669.0890503    595.4725952    0.0037036    -0.0007979    -0.0029058    0.0039143    nan    nan
11470    -27.7174000    1.6526600    7.1928400    0.0002294    1159.7915039    649.9490356    571.0767212    0.0036278    -0.0007755    -0.0028523    0.0038363    nan    nan
11471    -27.7204000    1.6584400    7.1928400    0.0002284    1123.9561768    620.6633301    535.1064453    0.0034997    -0.0007389    -0.0027608    0.0037029    nan    nan
11472    -27.7241000    1.6636800    7.1928500    0.0002279    1077.1757812    582.9452515    488.5627441    0.0033085    -0.0006928    -0.0026157    0.0035017    nan    nan
12295    -27.7287000    1.6682800    6.4751400    0.0002492    1024.6613769    540.7094116    433.3799438    0.0031008    -0.0006369    -0.0024638    0.0032848    nan    nan
12296    -27.7339000    1.6721200    6.4751400    0.0002493    959.4887695    486.3251953    367.3075256    0.0027588    -0.0005658    -0.0021930    0.0029202    nan    nan
12297    -27.7396000    1.6751200    6.4751400    0.0002495    887.4864502    425.6281738    293.4753113    0.0023276    -0.0004856    -0.0018420    0.0024607    nan    nan
