6 295 
621    -27.7304000    1.6682800    12.3729000    0.0000828    894.0722656    351.1853943    332.3420715    0.0032322    -0.0013167    -0.0019156    0.0033072    nan    nan
622    -27.7356000    1.6721200    12.3729000    0.0000828    841.2435303    303.0411987    276.1484985    0.0028738    -0.0011651    -0.0017088    0.0029402    nan    nan
623    -27.7414000    1.6751100    12.3729000    0.0000829    781.6157227    253.7550201    209.5354462    0.0024138    -0.0009735    -0.0014403    0.0024675    nan    nan
624    -27.7475000    1.6772100    12.3729000    0.0000831    716.1597900    198.0735321    139.4066620    0.0018896    -0.0007559    -0.0011337    0.0019271    nan    nan
625    -27.7539000    1.6784600    12.3729000    0.0000836    646.1770020    138.4357605    71.2013931    0.0013350    -0.0005324    -0.0008027    0.0013561    nan    nan
691    -27.7615000    1.6789200    12.3729000    0.0001148    558.0191650    69.7117691    2.3017149    0.0004948    -0.0002121    -0.0002827    0.0004983    nan    nan
692    -27.7159000    1.6400500    12.3728000    0.0000843    1029.8482666    527.0781250    439.7013245    0.0038137    -0.0015626    -0.0022511    0.0039079    nan    nan
693    -27.7171000    1.6464800    12.3728000    0.0000834    1021.7277832    512.0401611    434.1487427    0.0038968    -0.0015737    -0.0023231    0.0039943    nan    nan
694    -27.7191000    1.6526600    12.3728000    0.0000829    1003.5955810    486.7075195    420.4508362    0.0038173    -0.0015507    -0.0022667    0.0039108    nan    nan
695    -27.7221000    1.6584400    12.3728000    0.0000826    975.8753052    450.0510559    399.2950134    0.0036872    -0.0015041    -0.0021831    0.0037753    nan    nan
696    -27.7259000    1.6636800    12.3728000    0.0000824    939.1273804    403.6816406    370.6011353    0.0034928    -0.0014270    -0.0020659    0.0035743    nan    nan
1519    -27.7305000    1.6683000    12.1133000    0.0000902    1053.9558106    548.4814453    463.2008057    0.0036092    -0.0008916    -0.0027176    0.0038014    nan    nan
1520    -27.7357000    1.6721500    12.1133000    0.0000902    987.2248535    486.7017212    394.0892029    0.0032738    -0.0008236    -0.0024502    0.0034434    nan    nan
1521    -27.7414000    1.6751400    12.1133000    0.0000903    913.0895996    417.0253296    318.3126526    0.0028121    -0.0007380    -0.0020740    0.0029482    nan    nan
1522    -27.7476000    1.6772400    12.1134000    0.0000905    832.5595703    338.9010925    238.1715088    0.0022861    -0.0006252    -0.0016609    0.0023856    nan    nan
1523    -27.7539000    1.6784900    12.1134000    0.0000911    747.5354614    253.9709473    156.1865997    0.0017365    -0.0004844    -0.0012520    0.0018022    nan    nan
1589    -27.7616000    1.6789600    12.1134000    0.0001249    634.6947632    139.9476624    75.7612305    0.0006767    -0.0002315    -0.0004452    0.0006887    nan    nan
1590    -27.7160000    1.6400500    12.1133000    0.0000919    1233.3472900    717.3009033    647.5933838    0.0042203    -0.0010791    -0.0031412    0.0044483    nan    nan
1591    -27.7172000    1.6464800    12.1133000    0.0000909    1222.1684570    707.0443726    633.7976685    0.0042977    -0.0010764    -0.0032213    0.0045345    nan    nan
1592    -27.7192000    1.6526700    12.1133000    0.0000904    1197.7601318    683.8369751    608.7223511    0.0042118    -0.0010502    -0.0031616    0.0044436    nan    nan
1593    -27.7221000    1.6584500    12.1133000    0.0000900    1160.8719482    648.8146973    571.5232544    0.0040697    -0.0010085    -0.0030612    0.0042924    nan    nan
1594    -27.7259000    1.6637000    12.1133000    0.0000898    1112.6166992    603.1203613    522.9144287    0.0038624    -0.0009535    -0.0029089    0.0040704    nan    nan
2417    -27.7305000    1.6683000    11.8308000    0.0000981    1036.7564697    530.0570679    436.3941650    0.0038519    -0.0009246    -0.0029273    0.0040553    nan    nan
2418    -27.7357000    1.6721500    11.8308000    0.0000982    974.5045776    475.9806213    371.0079956    0.0035249    -0.0008375    -0.0026874    0.0037129    nan    nan
2419    -27.7415000    1.6751500    11.8308000    0.0000983    905.5331421    415.1114502    299.4085693    0.0030489    -0.0007346    -0.0023143    0.0032074    nan    nan
2420    -27.7476000    1.6772500    11.8308000    0.0000985    830.2655640    346.1146240    223.6838684    0.0024722    -0.0006079    -0.0018643    0.0025927    nan    nan
2421    -27.7540000    1.6785100    11.8308000    0.0000991    750.4494019    271.3943787    146.9989624    0.0018780    -0.0004633    -0.0014147    0.0019632    nan    nan
2424    -27.7214000    1.7232700    11.8308000    0.0002294    709.4352417    185.9561920    146.1177673    0.0001028    -0.0000456    -0.0000572    0.0001032    nan    nan
2487    -27.7616000    1.6789700    11.8308000    0.0001360    644.5609131    170.1482391    72.5728149    0.0007529    -0.0002280    -0.0005250    0.0007730    nan    nan
2488    -27.7160000    1.6400500    11.8308000    0.0001000    1203.4659424    678.4295044    610.4613647    0.0044530    -0.0011681    -0.0032848    0.0046720    nan    nan
2489    -27.7172000    1.6464800    11.8308000    0.0000989    1193.0159912    669.9549561    596.9199219    0.0045286    -0.0011608    -0.0033678    0.0047575    nan    nan
2490    -27.7192000    1.6526700    11.8308000    0.0000983    1170.2478027    649.4633179    573.0878906    0.0044456    -0.0011272    -0.0033184    0.0046726    nan    nan
2491    -27.7222000    1.6584500    11.8308000    0.0000979    1136.0456543    618.5075073    538.1643677    0.0043050    -0.0010743    -0.0032307    0.0045273    nan    nan
2492    -27.7260000    1.6637000    11.8308000    0.0000977    1091.2705078    578.1326904    492.6208191    0.0040988    -0.0010046    -0.0030943    0.0043121    nan    nan
3315    -27.7305000    1.6683100    11.5232000    0.0001068    1068.7473144    567.5470581    461.6596375    0.0040863    -0.0009077    -0.0031786    0.0043269    nan    nan
3316    -27.7357000    1.6721700    11.5232000    0.0001069    1002.2904663    508.7297058    393.1892090    0.0037518    -0.0008223    -0.0029295    0.0039748    nan    nan
3317    -27.7415000    1.6751700    11.5232000    0.0001070    928.5371704    442.7424011    317.9323425    0.0032586    -0.0007236    -0.0025350    0.0034477    nan    nan
3318    -27.7476000    1.6772700    11.5232000    0.0001072    848.5631714    368.8309326    238.3125153    0.0026499    -0.0006029    -0.0020470    0.0027945    nan    nan
3319    -27.7540000    1.6785200    11.5232000    0.0001079    763.8033447    289.5981140    157.3363647    0.0020301    -0.0004655    -0.0015646    0.0021335    nan    nan
3322    -27.7215000    1.7232800    11.5232000    0.0002497    720.3596191    195.9874420    157.6263733    0.0001190    -0.0000530    -0.0000660    0.0001194    nan    nan
3385    -27.7616000    1.6789900    11.5232000    0.0001480    652.5518188    183.5246582    76.4958649    0.0008325    -0.0002370    -0.0005956    0.0008588    nan    nan
3386    -27.7160000    1.6400500    11.5232000    0.0001088    1245.3911133    727.0554810    642.9733887    0.0047228    -0.0011547    -0.0035681    0.0049831    nan    nan
3387    -27.7172000    1.6464900    11.5232000    0.0001077    1234.2081299    717.6761475    629.0927734    0.0047930    -0.0011460    -0.0036470    0.0050630    nan    nan
3388    -27.7193000    1.6526700    11.5232000    0.0001071    1210.2175293    695.8909912    604.3632202    0.0047063    -0.0011118    -0.0035945    0.0049742    nan    nan
3389    -27.7222000    1.6584600    11.5232000    0.0001066    1174.0482178    662.8189697    567.9227295    0.0045577    -0.0010580    -0.0034997    0.0048203    nan    nan
3390    -27.7260000    1.6637100    11.5232000    0.0001064    1126.6389160    619.5540771    520.3374023    0.0043410    -0.0009879    -0.0033532    0.0045935    nan    nan
4213    -27.7305000    1.6683200    11.1884000    0.0001163    1074.5994873    577.3359985    461.0072021    0.0042847    -0.0009120    -0.0033727    0.0045496    nan    nan
4214    -27.7358000    1.6721700    11.1884000    0.0001163    1009.5377197    520.2249146    393.7474365    0.0039690    -0.0008279    -0.0031411    0.0042188    nan    nan
4215    -27.7415000    1.6751800    11.1884000    0.0001164    937.2293701    456.1619263    319.9843445    0.0034697    -0.0007298    -0.0027398    0.0036848    nan    nan
4216    -27.7477000    1.6772800    11.1884000    0.0001166    858.4248047    384.0093079    241.9550781    0.0028267    -0.0006083    -0.0022184    0.0029932    nan    nan
4217    -27.7540000    1.6785400    11.1884000    0.0001174    774.0715332    305.5051270    161.9416351    0.0021746    -0.0004676    -0.0017070    0.0022959    nan    nan
4220    -27.7215000    1.7232900    11.1884000    0.0002717    735.2296143    214.6691437    166.5572662    0.0001645    -0.0000709    -0.0000936    0.0001654    nan    nan
4283    -27.7617000    1.6790000    11.1884000    0.0001611    662.5533447    200.9622345    80.3647690    0.0009150    -0.0002446    -0.0006704    0.0009486    nan    nan
4284    -27.7160000    1.6400500    11.1884000    0.0001185    1249.4873047    735.5676880    638.9321289    0.0048891    -0.0011619    -0.0037272    0.0051670    nan    nan
4285    -27.7172000    1.6464900    11.1884000    0.0001172    1238.4250488    726.2849731    625.3937988    0.0049598    -0.0011528    -0.0038070    0.0052478    nan    nan
4286    -27.7193000    1.6526800    11.1884000    0.0001165    1214.5798340    704.5565796    601.0399170    0.0048759    -0.0011183    -0.0037577    0.0051626    nan    nan
4287    -27.7222000    1.6584600    11.1884000    0.0001160    1178.7604981    671.6807251    565.2933350    0.0047307    -0.0010640    -0.0036667    0.0050132    nan    nan
4288    -27.7260000    1.6637200    11.1884000    0.0001158    1131.8264160    628.7475586    518.6315918    0.0045208    -0.0009932    -0.0035276    0.0047948    nan    nan
5111    -27.7306000    1.6683300    10.8240000    0.0001266    1086.2814941    591.8655396    468.2898560    0.0044630    -0.0009133    -0.0035497    0.0047522    nan    nan
5112    -27.7358000    1.6721800    10.8240000    0.0001266    1020.1296997    533.7919312    400.0720825    0.0041527    -0.0008286    -0.0033241    0.0044275    nan    nan
5113    -27.7415000    1.6751800    10.8240000    0.0001267    946.3307495    468.3719177    325.2506104    0.0036368    -0.0007297    -0.0029071    0.0038747    nan    nan
5114    -27.7477000    1.6772900    10.8240000    0.0001270    866.1141968    395.0051270    246.1686554    0.0029600    -0.0006086    -0.0023514    0.0031446    nan    nan
5115    -27.7540000    1.6785500    10.8240000    0.0001278    780.4074097    315.2841187    165.2087250    0.0022797    -0.0004682    -0.0018115    0.0024148    nan    nan
5117    -27.7354000    1.7279500    10.8240000    0.0002950    689.9110107    184.8784790    113.4954834    0.0001180    -0.0000467    -0.0000713    0.0001190    nan    nan
5118    -27.7215000    1.7233000    10.8240000    0.0002958    743.4966431    226.3505707    171.2622681    0.0001951    -0.0000824    -0.0001128    0.0001964    nan    nan
5119    -27.7085000    1.7165600    10.8240000    0.0002959    791.6140747    259.1718750    234.5989838    0.0001227    -0.0000573    -0.0000654    0.0001232    nan    nan
5181    -27.7617000    1.6790100    10.8240000    0.0001754    667.3109741    210.0674591    81.4107666    0.0009745    -0.0002497    -0.0007248    0.0010138    nan    nan
5182    -27.7161000    1.6400500    10.8240000    0.0001289    1263.6501465    752.6584473    647.6657715    0.0050676    -0.0011711    -0.0038966    0.0053667    nan    nan
5183    -27.7173000    1.6464900    10.8240000    0.0001276    1252.3497315    743.0821533    634.0809326    0.0051360    -0.0011609    -0.0039751    0.0054452    nan    nan
5184    -27.7193000    1.6526800    10.8240000    0.0001268    1228.2469482    721.0834961    609.6239014    0.0050508    -0.0011252    -0.0039256    0.0053590    nan    nan
5185    -27.7222000    1.6584700    10.8240000    0.0001263    1191.9881592    687.7542725    573.6323853    0.0049025    -0.0010693    -0.0038333    0.0052070    nan    nan
5186    -27.7260000    1.6637200    10.8240000    0.0001260    1144.4392090    644.2172241    526.5670166    0.0046907    -0.0009966    -0.0036940    0.0049873    nan    nan
6009    -27.7306000    1.6683300    10.4274000    0.0001378    1093.3066406    601.5724487    471.1907043    0.0046257    -0.0009182    -0.0037075    0.0049360    nan    nan
6010    -27.7358000    1.6721900    10.4274000    0.0001378    1027.4429932    543.8015747    403.1820374    0.0043264    -0.0008345    -0.0034919    0.0046233    nan    nan
6011    -27.7415000    1.6751900    10.4274000    0.0001379    953.7975464    478.6488647    328.6877441    0.0037999    -0.0007359    -0.0030640    0.0040586    nan    nan
6012    -27.7477000    1.6773000    10.4274000    0.0001382    873.5872192    405.4792786    249.9836426    0.0030940    -0.0006143    -0.0024796    0.0032954    nan    nan
6013    -27.7541000    1.6785600    10.4274000    0.0001391    787.3964844    325.2191467    168.9832916    0.0023832    -0.0004710    -0.0019123    0.0025314    nan    nan
6015    -27.7354000    1.7279500    10.4274000    0.0003211    697.2380981    195.7519684    116.0391083    0.0001506    -0.0000577    -0.0000929    0.0001521    nan    nan
6016    -27.7215000    1.7233000    10.4274000    0.0003219    752.0890503    238.5980377    176.0177460    0.0002335    -0.0000962    -0.0001373    0.0002353    nan    nan
6017    -27.7085000    1.7165700    10.4274000    0.0003221    801.3578491    270.3575439    242.0547333    0.0001540    -0.0000712    -0.0000829    0.0001547    nan    nan
6079    -27.7617000    1.6790300    10.4274000    0.0001909    673.4601440    220.1350555    83.9916534    0.0010348    -0.0002552    -0.0007796    0.0010798    nan    nan
6080    -27.7161000    1.6400500    10.4274000    0.0001403    1271.3077393    763.4631348    650.2045898    0.0052084    -0.0011777    -0.0040308    0.0055237    nan    nan
6081    -27.7173000    1.6464900    10.4274000    0.0001388    1259.9600830    753.7786865    636.7447510    0.0052764    -0.0011670    -0.0041093    0.0056019    nan    nan
6082    -27.7193000    1.6526800    10.4274000    0.0001381    1235.7248535    731.5615845    612.3200684    0.0051918    -0.0011310    -0.0040608    0.0055168    nan    nan
6083    -27.7223000    1.6584700    10.4274000    0.0001374    1199.3265381    697.9628296    576.4151001    0.0050446    -0.0010746    -0.0039700    0.0053664    nan    nan
6084    -27.7260000    1.6637200    10.4274000    0.0001372    1151.6038818    654.1273804    529.4357910    0.0048382    -0.0010016    -0.0038366    0.0051534    nan    nan
6907    -27.7306000    1.6683400    9.9957400    0.0001499    1100.5964356    611.1083374    474.9504700    0.0047730    -0.0009227    -0.0038503    0.0051030    nan    nan
6908    -27.7358000    1.6721900    9.9957400    0.0001500    1034.2161865    552.7642212    406.7020569    0.0044763    -0.0008373    -0.0036390    0.0047933    nan    nan
6909    -27.7416000    1.6752000    9.9957400    0.0001501    960.0179443    487.1942444    331.8475647    0.0039424    -0.0007383    -0.0032041    0.0042202    nan    nan
6910    -27.7477000    1.6773100    9.9957400    0.0001504    879.3545532    413.8337402    252.7523804    0.0032163    -0.0006177    -0.0025986    0.0034339    nan    nan
6911    -27.7541000    1.6785700    9.9957500    0.0001514    792.7238159    332.8659363    171.5223846    0.0024759    -0.0004728    -0.0020031    0.0026361    nan    nan
6913    -27.7354000    1.7279600    9.9957400    0.0003495    703.1595459    205.0351715    118.1714630    0.0001834    -0.0000684    -0.0001150    0.0001855    nan    nan
6914    -27.7215000    1.7233100    9.9957400    0.0003504    758.8450317    248.4820862    179.6060944    0.0002647    -0.0001068    -0.0001578    0.0002670    nan    nan
6915    -27.7085000    1.7165700    9.9957400    0.0003506    809.0303345    279.9143372    247.2344666    0.0001799    -0.0000820    -0.0000978    0.0001808    nan    nan
6975    -27.7711000    1.6791000    9.9957500    0.0002328    557.5848389    125.3460541    22.7694588    0.0001081    -0.0000355    -0.0000727    0.0001102    nan    nan
6977    -27.7617000    1.6790300    9.9957500    0.0002078    677.7947998    227.3896942    85.4246979    0.0010843    -0.0002590    -0.0008253    0.0011342    nan    nan
6978    -27.7161000    1.6400500    9.9957400    0.0001528    1279.1743164    773.5817871    654.1405029    0.0053414    -0.0011854    -0.0041560    0.0056719    nan    nan
6979    -27.7173000    1.6464900    9.9957400    0.0001511    1267.7265625    763.7542725    640.7139893    0.0054083    -0.0011741    -0.0042342    0.0057492    nan    nan
6980    -27.7193000    1.6526800    9.9957400    0.0001503    1243.4046631    741.4182739    616.3206177    0.0053239    -0.0011373    -0.0041865    0.0056647    nan    nan
6981    -27.7223000    1.6584700    9.9957400    0.0001496    1206.8636475    707.6387329    580.4160156    0.0051770    -0.0010799    -0.0040970    0.0055152    nan    nan
6982    -27.7260000    1.6637300    9.9957400    0.0001493    1158.9387207    663.6024780    533.3649292    0.0049762    -0.0010059    -0.0039703    0.0053093    nan    nan
7805    -27.7306000    1.6683400    9.5258900    0.0001632    1106.3557129    618.8275757    477.6661987    0.0049068    -0.0009273    -0.0039795    0.0052543    nan    nan
7806    -27.7358000    1.6722000    9.5258900    0.0001633    1039.9042969    560.3685913    409.4431152    0.0046158    -0.0008417    -0.0037741    0.0049510    nan    nan
7807    -27.7416000    1.6752000    9.5258900    0.0001634    965.5419312    494.7036743    334.5637207    0.0040763    -0.0007425    -0.0033338    0.0043716    nan    nan
7808    -27.7477000    1.6773100    9.5258900    0.0001637    884.7322388    421.4439087    255.3917694    0.0033356    -0.0006226    -0.0027130    0.0035684    nan    nan
7809    -27.7541000    1.6785700    9.5258900    0.0001648    797.9381104    340.0066223    174.0783539    0.0025659    -0.0004755    -0.0020904    0.0027376    nan    nan
7811    -27.7354000    1.7279700    9.5258900    0.0003804    708.3934326    213.6815033    120.3765869    0.0002179    -0.0000795    -0.0001383    0.0002208    nan    nan
7812    -27.7215000    1.7233100    9.5258900    0.0003814    765.0571899    257.5035706    182.9687805    0.0002959    -0.0001172    -0.0001787    0.0002989    nan    nan
7813    -27.7085000    1.7165700    9.5258900    0.0003816    816.1106567    289.0772705    251.6567230    0.0002067    -0.0000929    -0.0001138    0.0002078    nan    nan
7873    -27.7711000    1.6791100    9.5258900    0.0002534    561.3378906    132.2114868    23.2504063    0.0001310    -0.0000415    -0.0000895    0.0001339    nan    nan
7875    -27.7617000    1.6790400    9.5258900    0.0002261    682.2661743    234.3377380    87.3099136    0.0011293    -0.0002624    -0.0008668    0.0011838    nan    nan
7876    -27.7161000    1.6400500    9.5258800    0.0001663    1285.6246338    782.2553711    657.0033569    0.0054584    -0.0011918    -0.0042666    0.0058023    nan    nan
7877    -27.7173000    1.6464900    9.5258800    0.0001645    1274.1108398    772.3126831    643.6351929    0.0055248    -0.0011800    -0.0043447    0.0058792    nan    nan
7878    -27.7193000    1.6526900    9.5258900    0.0001636    1249.6661377    749.7942505    619.2344360    0.0054405    -0.0011428    -0.0042977    0.0057952    nan    nan
7879    -27.7223000    1.6584800    9.5258900    0.0001628    1212.9739990    715.7797241    583.3283691    0.0052946    -0.0010849    -0.0042097    0.0056472    nan    nan
7880    -27.7260000    1.6637300    9.5258900    0.0001625    1164.8437500    671.4714966    536.2200317    0.0050999    -0.0010103    -0.0040896    0.0054488    nan    nan
8703    -27.7306000    1.6683400    9.0144900    0.0001776    1111.7255859    625.9223022    480.3471375    0.0050303    -0.0009314    -0.0040989    0.0053942    nan    nan
8704    -27.7358000    1.6722000    9.0144900    0.0001777    1045.0756836    567.2448730    412.0475769    0.0047430    -0.0008451    -0.0038980    0.0050952    nan    nan
8705    -27.7416000    1.6752100    9.0144900    0.0001778    970.4413452    501.3712769    337.0222473    0.0041979    -0.0007456    -0.0034523    0.0045094    nan    nan
8706    -27.7477000    1.6773200    9.0144900    0.0001782    889.3458252    428.0371094    257.6095276    0.0034439    -0.0006263    -0.0028176    0.0036909    nan    nan
8707    -27.7541000    1.6785800    9.0144900    0.0001794    802.3851929    346.1367493    176.2252197    0.0026487    -0.0004777    -0.0021711    0.0028313    nan    nan
8709    -27.7354000    1.7279700    9.0144900    0.0004141    713.0209961    221.2978516    122.3647614    0.0002492    -0.0000892    -0.0001600    0.0002530    nan    nan
8710    -27.7215000    1.7233200    9.0144900    0.0004151    770.4920654    265.4768677    185.8877563    0.0003242    -0.0001262    -0.0001980    0.0003278    nan    nan
8711    -27.7085000    1.7165800    9.0144900    0.0004154    822.3237915    297.3346863    255.3726959    0.0002313    -0.0001025    -0.0001288    0.0002327    nan    nan
8771    -27.7711000    1.6791200    9.0144900    0.0002758    564.4377441    137.9268646    23.4827042    0.0001523    -0.0000468    -0.0001055    0.0001561    nan    nan
8773    -27.7617000    1.6790500    9.0144900    0.0002461    685.9581909    240.0823517    88.7512207    0.0011698    -0.0002652    -0.0009047    0.0012287    nan    nan
8774    -27.7161000    1.6400500    9.0144900    0.0001810    1291.3588867    789.8236084    659.6988525    0.0055670    -0.0011982    -0.0043688    0.0059232    nan    nan
8775    -27.7173000    1.6465000    9.0144900    0.0001790    1279.7857666    779.7829590    646.3737793    0.0056327    -0.0011860    -0.0044467    0.0059996    nan    nan
8776    -27.7193000    1.6526900    9.0144900    0.0001780    1255.2790527    757.1631470    622.0015869    0.0055486    -0.0011482    -0.0044004    0.0059161    nan    nan
8777    -27.7223000    1.6584800    9.0144900    0.0001772    1218.4877930    723.0006714    586.1061401    0.0054033    -0.0010896    -0.0043137    0.0057693    nan    nan
8778    -27.7260000    1.6637300    9.0144900    0.0001769    1170.2392578    678.5489502    538.9769897    0.0052145    -0.0010144    -0.0042001    0.0055781    nan    nan
9601    -27.7306000    1.6683500    8.4578700    0.0001933    1116.3977051    632.1367188    482.6031189    0.0051449    -0.0009356    -0.0042093    0.0055239    nan    nan
9602    -27.7358000    1.6722100    8.4578800    0.0001934    1049.6190185    573.2738647    414.2940063    0.0048598    -0.0008487    -0.0040111    0.0052275    nan    nan
9603    -27.7416000    1.6752200    8.4578800    0.0001936    974.8141479    507.2676697    339.2076416    0.0043097    -0.0007490    -0.0035607    0.0046360    nan    nan
9604    -27.7477000    1.6773300    8.4578800    0.0001940    893.5731201    433.9730225    259.6886902    0.0035440    -0.0006302    -0.0029138    0.0038041    nan    nan
9605    -27.7541000    1.6785900    8.4578800    0.0001952    806.4312744    351.6608276    178.2114563    0.0027242    -0.0004798    -0.0022443    0.0029166    nan    nan
9607    -27.7354000    1.7279800    8.4578800    0.0004507    717.1540527    228.0813141    124.1581345    0.0002787    -0.0000979    -0.0001807    0.0002833    nan    nan
9608    -27.7215000    1.7233200    8.4578800    0.0004518    775.3703003    272.6120605    188.5380249    0.0003510    -0.0001345    -0.0002165    0.0003553    nan    nan
9609    -27.7085000    1.7165800    8.4578700    0.0004521    827.9234619    304.8373108    258.6843567    0.0002548    -0.0001115    -0.0001433    0.0002564    nan    nan
9669    -27.7711000    1.6791300    8.4578800    0.0003002    567.4054565    143.2213898    23.8664532    0.0001727    -0.0000516    -0.0001211    0.0001773    nan    nan
9671    -27.7617000    1.6790600    8.4578800    0.0002679    689.4614868    245.3802185    90.2324371    0.0012074    -0.0002677    -0.0009397    0.0012703    nan    nan
9672    -27.7161000    1.6400500    8.4578700    0.0001970    1296.4772949    796.6472168    662.0928345    0.0056653    -0.0012038    -0.0044614    0.0060327    nan    nan
9673    -27.7173000    1.6465000    8.4578700    0.0001949    1284.8449707    786.5108032    648.7990723    0.0057306    -0.0011912    -0.0045393    0.0061088    nan    nan
9674    -27.7193000    1.6526900    8.4578700    0.0001938    1260.2572022    763.7615356    624.4311523    0.0056468    -0.0011530    -0.0044937    0.0060259    nan    nan
9675    -27.7223000    1.6584800    8.4578700    0.0001929    1223.3724365    729.4465332    588.5441895    0.0055027    -0.0010939    -0.0044087    0.0058809    nan    nan
9676    -27.7260000    1.6637400    8.4578700    0.0001925    1174.9708252    684.8020630    541.3469238    0.0053208    -0.0010183    -0.0043024    0.0056980    nan    nan
10499    -27.7306000    1.6683500    7.8520500    0.0002104    1120.6671143    637.7838745    484.6997986    0.0052509    -0.0009395    -0.0043115    0.0056439    nan    nan
10500    -27.7358000    1.6722100    7.8520500    0.0002105    1053.7379150    578.7130737    416.3767395    0.0049662    -0.0008518    -0.0041144    0.0053481    nan    nan
10501    -27.7416000    1.6752200    7.8520500    0.0002107    978.7548218    512.5637207    341.2067566    0.0044115    -0.0007518    -0.0036597    0.0047514    nan    nan
10502    -27.7477000    1.6773300    7.8520500    0.0002111    897.3300171    439.2431335    261.5347900    0.0036354    -0.0006335    -0.0030019    0.0039075    nan    nan
10503    -27.7541000    1.6785900    7.8520500    0.0002125    810.1265869    356.7040405    179.8999023    0.0027939    -0.0004826    -0.0023113    0.0029956    nan    nan
10505    -27.7354000    1.7279800    7.8520500    0.0004905    720.8982544    234.1818085    125.8381500    0.0003060    -0.0001058    -0.0002002    0.0003115    nan    nan
10506    -27.7215000    1.7233200    7.8520500    0.0004918    779.7833862    279.0531616    190.9658203    0.0003759    -0.0001420    -0.0002339    0.0003808    nan    nan
10507    -27.7085000    1.7165800    7.8520500    0.0004921    832.9902954    311.6629028    261.6716003    0.0002767    -0.0001196    -0.0001571    0.0002786    nan    nan
10567    -27.7711000    1.6791400    7.8520500    0.0003268    570.0133057    147.8069763    24.1687107    0.0001918    -0.0000559    -0.0001359    0.0001973    nan    nan
10569    -27.7617000    1.6790600    7.8520500    0.0002916    692.5483398    249.9551849    91.5150528    0.0012411    -0.0002698    -0.0009713    0.0013077    nan    nan
10570    -27.7161000    1.6400500    7.8520500    0.0002144    1300.9770508    802.6510010    664.1993408    0.0057548    -0.0012093    -0.0045455    0.0061325    nan    nan
10571    -27.7173000    1.6465000    7.8520500    0.0002121    1289.3109131    792.4503784    650.9466553    0.0058199    -0.0011963    -0.0046235    0.0062086    nan    nan
10572    -27.7193000    1.6526900    7.8520500    0.0002109    1264.6601562    769.5952759    626.5901489    0.0057365    -0.0011577    -0.0045788    0.0061264    nan    nan
10573    -27.7223000    1.6584800    7.8520500    0.0002099    1227.6829834    735.1070557    590.7239990    0.0055935    -0.0010978    -0.0044957    0.0059829    nan    nan
10574    -27.7260000    1.6637400    7.8520500    0.0002095    1179.1953125    690.3574829    543.4982300    0.0054192    -0.0010218    -0.0043974    0.0058091    nan    nan
11397    -27.7306000    1.6683500    7.1926600    0.0002290    1124.4185791    642.7507324    486.5346680    0.0053475    -0.0009430    -0.0044044    0.0057532    nan    nan
11398    -27.7358000    1.6722100    7.1926600    0.0002291    1057.3843994    583.5258789    418.2029114    0.0050635    -0.0008549    -0.0042086    0.0054584    nan    nan
11399    -27.7416000    1.6752200    7.1926600    0.0002293    982.2598267    517.2598267    342.9736938    0.0045048    -0.0007547    -0.0037502    0.0048571    nan    nan
11400    -27.7477000    1.6773400    7.1926600    0.0002298    900.7078857    443.9538879    263.1979675    0.0037199    -0.0006367    -0.0030832    0.0040031    nan    nan
11401    -27.7541000    1.6786000    7.1926600    0.0002313    813.5331421    361.2619019    181.5042114    0.0028599    -0.0004850    -0.0023749    0.0030703    nan    nan
11402    -27.7499000    1.7305500    7.1926600    0.0005284    664.8715820    189.6355591    73.7202530    0.0001100    -0.0000367    -0.0000733    0.0001121    nan    nan
11403    -27.7354000    1.7279900    7.1926600    0.0005339    724.2640991    239.6240845    127.3922348    0.0003312    -0.0001128    -0.0002184    0.0003375    nan    nan
11404    -27.7215000    1.7233300    7.1926600    0.0005353    783.7340088    284.7970886    193.1687012    0.0003989    -0.0001488    -0.0002501    0.0004044    nan    nan
11405    -27.7085000    1.7165800    7.1926600    0.0005356    837.5222168    317.7871094    264.3351746    0.0002971    -0.0001270    -0.0001701    0.0002993    nan    nan
11465    -27.7711000    1.6791400    7.1926600    0.0003557    572.4277954    151.9776306    24.5164528    0.0002096    -0.0000597    -0.0001499    0.0002159    nan    nan
11467    -27.7617000    1.6790700    7.1926600    0.0003174    695.3778076    254.1006927    92.7588577    0.0012716    -0.0002716    -0.0010001    0.0013416    nan    nan
11468    -27.7161000    1.6400500    7.1926600    0.0002333    1305.0996094    808.1729736    666.1496582    0.0058364    -0.0012145    -0.0046218    0.0062235    nan    nan
11469    -27.7173000    1.6465000    7.1926600    0.0002308    1293.3814697    797.8904419    652.9103394    0.0059013    -0.0012013    -0.0047000    0.0062995    nan    nan
11470    -27.7193000    1.6526900    7.1926600    0.0002296    1268.6765137    774.9401245    628.5657349    0.0058185    -0.0011623    -0.0046562    0.0062182    nan    nan
11471    -27.7223000    1.6584800    7.1926600    0.0002285    1231.5782471    740.2379761    592.6891479    0.0056763    -0.0011016    -0.0045747    0.0060759    nan    nan
11472    -27.7260000    1.6637400    7.1926600    0.0002280    1182.9779053    695.3295898    545.4196777    0.0055088    -0.0010252    -0.0044836    0.0059101    nan    nan
12295    -27.7306000    1.6683600    6.4749700    0.0002493    1127.8035889    647.2120361    488.2105103    0.0054354    -0.0009463    -0.0044891    0.0058527    nan    nan
12296    -27.7358000    1.6722200    6.4749700    0.0002494    1060.6723633    587.8454590    419.8743896    0.0051520    -0.0008576    -0.0042944    0.0055587    nan    nan
12297    -27.7416000    1.6752300    6.4749700    0.0002496    985.4165039    521.4684448    344.5881653    0.0045896    -0.0007572    -0.0038324    0.0049532    nan    nan
12298    -27.7477000    1.6773400    6.4749700    0.0002501    903.7342529    448.1522522    264.7019043    0.0037966    -0.0006396    -0.0031570    0.0040899    nan    nan
12299    -27.7541000    1.6786000    6.4749700    0.0002517    816.5002441    365.3344727    182.9377899    0.0029199    -0.0004875    -0.0024323    0.0031381    nan    nan
12300    -27.7499000    1.7305500    6.4749700    0.0005751    667.4695435    193.6573486    74.0057678    0.0001262    -0.0000412    -0.0000850    0.0001288    nan    nan
12301    -27.7354000    1.7279900    6.4749700    0.0005811    727.2893677    244.4833374    128.8248444    0.0003543    -0.0001191    -0.0002352    0.0003614    nan    nan
12302    -27.7215000    1.7233300    6.4749700    0.0005826    787.2897949    289.9469604    195.1778870    0.0004199    -0.0001548    -0.0002651    0.0004261    nan    nan
12303    -27.7085000    1.7165900    6.4749700    0.0005830    841.6076050    323.3106995    266.7463379    0.0003160    -0.0001338    -0.0001822    0.0003185    nan    nan
12363    -27.7711000    1.6791500    6.4749700    0.0003871    574.5776367    155.6293488    24.8209686    0.0002262    -0.0000631    -0.0001631    0.0002334    nan    nan
12365    -27.7617000    1.6790800    6.4749700    0.0003454    697.8894653    257.7160339    93.8324051    0.0012996    -0.0002732    -0.0010264    0.0013727    nan    nan
12366    -27.7161000    1.6400500    6.4749700    0.0002540    1308.6865234    812.9949341    667.8277588    0.0059100    -0.0012192    -0.0046908    0.0063057    nan    nan
12367    -27.7173000    1.6465000    6.4749700    0.0002513    1296.9406738    802.6781006    654.6008301    0.0059750    -0.0012059    -0.0047692    0.0063819    nan    nan
12368    -27.7193000    1.6526900    6.4749700    0.0002499    1272.1837158    779.6181030    630.2786865    0.0058926    -0.0011664    -0.0047262    0.0063011    nan    nan
12369    -27.7223000    1.6584900    6.4749700    0.0002487    1235.0439453    744.8162842    594.4357300    0.0057518    -0.0011053    -0.0046466    0.0061608    nan    nan
12370    -27.7260000    1.6637400    6.4749700    0.0002482    1186.3424072    699.7344360    547.1485596    0.0055902    -0.0010282    -0.0045621    0.0060021    nan    nan
13193    -27.7306000    1.6683600    5.6938300    0.0002713    1130.7646484    651.1146240    489.6720276    0.0055142    -0.0009493    -0.0045649    0.0059419    nan    nan
13194    -27.7358000    1.6722200    5.6938300    0.0002714    1063.5482178    591.6205444    421.3306885    0.0052312    -0.0008602    -0.0043710    0.0056484    nan    nan
13195    -27.7416000    1.6752300    5.6938300    0.0002716    988.1849976    525.1488037    346.0026550    0.0046652    -0.0007595    -0.0039057    0.0050389    nan    nan
13196    -27.7477000    1.6773400    5.6938300    0.0002722    906.3981323    451.8308105    266.0321960    0.0038652    -0.0006421    -0.0032230    0.0041675    nan    nan
13197    -27.7541000    1.6786100    5.6938300    0.0002740    819.1018066    369.0940247    184.2501984    0.0029750    -0.0004906    -0.0024844    0.0032004    nan    nan
13198    -27.7499000    1.7305600    5.6938300    0.0006260    669.7770996    197.2395172    74.3072205    0.0001414    -0.0000454    -0.0000960    0.0001445    nan    nan
13199    -27.7354000    1.7279900    5.6938300    0.0006325    729.9766846    248.7619476    130.1314239    0.0003751    -0.0001246    -0.0002505    0.0003830    nan    nan
13200    -27.7215000    1.7233300    5.6938300    0.0006341    790.4333496    294.4790649    196.9725800    0.0004390    -0.0001602    -0.0002787    0.0004457    nan    nan
13201    -27.7085000    1.7165900    5.6938300    0.0006345    845.2199097    328.1919556    268.8846130    0.0003332    -0.0001398    -0.0001934    0.0003359    nan    nan
13202    -27.6967000    1.7079100    5.6938300    0.0006340    888.5661011    347.5780029    342.6118164    0.0001062    -0.0000523    -0.0000538    0.0001066    nan    nan
13261    -27.7711000    1.6791500    5.6938300    0.0004213    576.5190430    158.8823547    25.1325893    0.0002414    -0.0000661    -0.0001753    0.0002495    nan    nan
13263    -27.7617000    1.6790800    5.6938300    0.0003760    700.1473999    260.9349976    94.8284225    0.0013250    -0.0002746    -0.0010505    0.0014010    nan    nan
13264    -27.7161000    1.6400500    5.6938300    0.0002764    1311.8884277    817.3054199    669.3389282    0.0059759    -0.0012236    -0.0047523    0.0063792    nan    nan
13265    -27.7173000    1.6465000    5.6938300    0.0002735    1300.1464844    806.9995728    656.1398926    0.0060413    -0.0012103    -0.0048310    0.0064560    nan    nan
13266    -27.7193000    1.6526900    5.6938300    0.0002719    1275.3120117    783.7770996    631.8360596    0.0059588    -0.0011701    -0.0047887    0.0063753    nan    nan
13267    -27.7223000    1.6584900    5.6938300    0.0002707    1238.0991211    748.8633423    595.9735718    0.0058193    -0.0011086    -0.0047107    0.0062367    nan    nan
13268    -27.7260000    1.6637500    5.6938300    0.0002701    1189.2993164    703.6101074    548.6607056    0.0056632    -0.0010309    -0.0046323    0.0060844    nan    nan
14091    -27.7306000    1.6683600    4.8436400    0.0002953    1133.3460693    654.5037231    490.9606934    0.0055835    -0.0009519    -0.0046316    0.0060203    nan    nan
14092    -27.7358000    1.6722200    4.8436400    0.0002954    1066.0592041    594.9023438    422.6195068    0.0053007    -0.0008624    -0.0044383    0.0057273    nan    nan
14093    -27.7416000    1.6752300    4.8436400    0.0002957    990.5966187    528.3420410    347.2504578    0.0047316    -0.0007615    -0.0039701    0.0051142    nan    nan
14094    -27.7477000    1.6773500    4.8436400    0.0002963    908.7139893    455.0184937    267.1955872    0.0039259    -0.0006444    -0.0032816    0.0042364    nan    nan
14095    -27.7541000    1.6786100    4.8436400    0.0002982    821.3479614    372.3456726    185.3604431    0.0030241    -0.0004934    -0.0025307    0.0032559    nan    nan
14096    -27.7499000    1.7305600    4.8436400    0.0006813    671.7250366    200.3959808    74.6054764    0.0001560    -0.0000493    -0.0001067    0.0001596    nan    nan
14097    -27.7354000    1.7280000    4.8436400    0.0006884    732.3244019    252.4719696    131.2984314    0.0003934    -0.0001293    -0.0002641    0.0004020    nan    nan
14098    -27.7215000    1.7233300    4.8436400    0.0006902    793.1810913    298.4299927    198.5552979    0.0004560    -0.0001650    -0.0002910    0.0004633    nan    nan
14099    -27.7085000    1.7165900    4.8436400    0.0006906    848.3772583    332.4590759    270.7573242    0.0003486    -0.0001451    -0.0002035    0.0003516    nan    nan
14100    -27.6967000    1.7079100    4.8436400    0.0006900    892.3038940    350.8227234    345.7873230    0.0001164    -0.0000575    -0.0000589    0.0001169    nan    nan
14159    -27.7711000    1.6791600    4.8436400    0.0004586    578.2084351    161.6617737    25.4096603    0.0002548    -0.0000687    -0.0001861    0.0002636    nan    nan
14161    -27.7617000    1.6790900    4.8436400    0.0004092    702.1162720    263.6928711    95.6988907    0.0013473    -0.0002758    -0.0010715    0.0014258    nan    nan
14162    -27.7161000    1.6400500    4.8436400    0.0003009    1314.6733398    821.0723877    670.6484985    0.0060338    -0.0012277    -0.0048061    0.0064438    nan    nan
14163    -27.7173000    1.6465000    4.8436400    0.0002976    1302.8967285    810.7238159    657.4508057    0.0060991    -0.0012142    -0.0048850    0.0065207    nan    nan
14164    -27.7193000    1.6526900    4.8436400    0.0002960    1277.9819336    787.3336792    633.1563110    0.0060165    -0.0011733    -0.0048432    0.0064399    nan    nan
14165    -27.7223000    1.6584900    4.8436400    0.0002946    1240.7387695    752.3502808    597.3139648    0.0058784    -0.0011115    -0.0047669    0.0063031    nan    nan
14166    -27.7260000    1.6637500    4.8436400    0.0002940    1191.8685303    706.9739380    549.9864502    0.0057275    -0.0010334    -0.0046941    0.0061570    nan    nan
14989    -27.7306000    1.6683600    3.9182800    0.0003214    1135.5069580    657.3372192    492.0443726    0.0056424    -0.0009541    -0.0046883    0.0060870    nan    nan
14990    -27.7358000    1.6722200    3.9182800    0.0003215    1068.1596680    597.6439819    423.6997375    0.0053597    -0.0008642    -0.0044955    0.0057942    nan    nan
14991    -27.7416000    1.6752400    3.9182800    0.0003218    992.6193848    531.0131836    348.3021851    0.0047881    -0.0007632    -0.0040249    0.0051783    nan    nan
14992    -27.7477000    1.6773500    3.9182800    0.0003225    910.6570435    457.6886291    268.1722717    0.0039782    -0.0006463    -0.0033319    0.0042956    nan    nan
14993    -27.7541000    1.6786200    3.9182800    0.0003246    823.2770386    375.1225281    186.3124847    0.0030667    -0.0004958    -0.0025709    0.0033040    nan    nan
14994    -27.7499000    1.7305700    3.9182800    0.0007416    673.2709961    203.1100311    74.9129410    0.0001697    -0.0000530    -0.0001167    0.0001737    nan    nan
14995    -27.7354000    1.7280000    3.9182800    0.0007493    734.3110962    255.5871582    132.3069305    0.0004090    -0.0001333    -0.0002757    0.0004182    nan    nan
14996    -27.7215000    1.7233400    3.9182800    0.0007512    795.4985962    301.7517090    199.8969727    0.0004706    -0.0001690    -0.0003016    0.0004783    nan    nan
