8 599 
621    -27.7342000    1.6684000    12.3719000    0.0000828    991.2113647    427.0426636    389.5486755    0.0071700    -0.0027068    -0.0044632    0.0074283    nan    nan
622    -27.7394000    1.6722800    12.3719000    0.0000828    938.3055420    388.4163513    324.9983826    0.0067813    -0.0025122    -0.0042690    0.0070324    nan    nan
623    -27.7451000    1.6753000    12.3719000    0.0000829    878.6245728    344.1168823    255.3464813    0.0061640    -0.0022428    -0.0039213    0.0063948    nan    nan
624    -27.7513000    1.6774300    12.3719000    0.0000831    812.8480225    292.1319580    183.6191559    0.0053461    -0.0019128    -0.0034332    0.0055422    nan    nan
625    -27.7576000    1.6787100    12.3720000    0.0000836    740.5899048    229.6391602    111.9798889    0.0043680    -0.0015432    -0.0028248    0.0045183    nan    nan
626    -27.7534000    1.7306700    12.3720000    0.0001911    604.2537842    88.8578415    12.5732088    0.0008798    -0.0003469    -0.0005330    0.0008911    nan    nan
627    -27.7390000    1.7280900    12.3720000    0.0001931    657.4934692    131.1656952    63.4956245    0.0012706    -0.0005166    -0.0007540    0.0012849    nan    nan
628    -27.7251000    1.7234200    12.3720000    0.0001936    706.1649780    173.1385956    111.8778687    0.0014777    -0.0006064    -0.0008713    0.0014937    nan    nan
629    -27.7121000    1.7166600    12.3719000    0.0001937    747.1249390    222.9596710    146.7899017    0.0014724    -0.0005647    -0.0009076    0.0014938    nan    nan
630    -27.7003000    1.7079700    12.3719000    0.0001935    779.2317505    286.0563354    164.1492615    0.0013190    -0.0004206    -0.0008984    0.0013551    nan    nan
639    -27.7019000    1.7793500    12.3720000    0.0004112    598.4512939    103.4503174    14.3181581    0.0001941    -0.0000709    -0.0001231    0.0001971    nan    nan
642    -27.6804000    1.7681900    12.3720000    0.0004096    629.0592041    152.2326050    33.3306236    0.0002238    -0.0000708    -0.0001530    0.0002297    nan    nan
645    -27.6609000    1.7538800    12.3719000    0.0004082    649.2596436    207.5862579    41.9091873    0.0001842    -0.0000427    -0.0001415    0.0001936    nan    nan
687    -27.7852000    1.6793600    12.3720000    0.0001463    463.5624695    19.0641804    -91.5383911    0.0001440    -0.0000522    -0.0000919    0.0001463    nan    nan
689    -27.7747000    1.6792800    12.3720000    0.0001287    539.5125732    46.8752594    -42.1166306    0.0008578    -0.0003508    -0.0005070    0.0008675    nan    nan
690    -27.7679000    1.7315000    12.3720000    0.0001877    558.7981567    54.0584488    -28.0889244    0.0004479    -0.0001720    -0.0002759    0.0004541    nan    nan
691    -27.7653000    1.6791900    12.3720000    0.0001148    642.1697998    127.9451828    35.5612640    0.0023459    -0.0009229    -0.0014231    0.0023946    nan    nan
692    -27.7197000    1.6400600    12.3718000    0.0000843    1129.3332519    586.9063110    514.9105835    0.0072087    -0.0028315    -0.0043772    0.0074577    nan    nan
693    -27.7209000    1.6465100    12.3718000    0.0000834    1120.4689941    572.4915161    508.6824951    0.0073857    -0.0028694    -0.0045163    0.0076412    nan    nan
694    -27.7229000    1.6527100    12.3718000    0.0000830    1101.7572022    545.4503784    495.8704834    0.0074330    -0.0028880    -0.0045450    0.0076891    nan    nan
695    -27.7258000    1.6585100    12.3718000    0.0000826    1073.6201172    507.2785339    475.4043884    0.0074429    -0.0028812    -0.0045617    0.0077005    nan    nan
696    -27.7296000    1.6637800    12.3718000    0.0000824    1036.5675049    464.4236145    442.6625671    0.0073676    -0.0028259    -0.0045418    0.0076261    nan    nan
697    -27.6900000    1.6975800    12.3719000    0.0001922    800.5829468    356.0863647    169.9784393    0.0010998    -0.0002460    -0.0008538    0.0011609    nan    nan
698    -27.6815000    1.6857600    12.3719000    0.0001927    808.9442749    428.2835083    168.3010864    0.0008695    -0.0000867    -0.0007828    0.0009630    nan    nan
699    -27.6748000    1.6727100    12.3719000    0.0001937    803.3068237    497.3750000    162.2304077    0.0006691    0.0000334    -0.0007025    0.0007964    nan    nan
700    -27.6703000    1.6587300    12.3718000    0.0001939    784.7265625    559.6240845    154.2689514    0.0005173    0.0001095    -0.0006267    0.0006722    nan    nan
701    -27.6678000    1.6441800    12.3718000    0.0001934    760.4429321    596.3733521    148.0910645    0.0004429    0.0001455    -0.0005884    0.0006151    nan    nan
702    -27.6440000    1.7367800    12.3719000    0.0004047    655.7501831    265.8920593    42.9290390    0.0001181    -0.0000129    -0.0001052    0.0001300    nan    nan
1519    -27.7342000    1.6684400    12.1125000    0.0000903    1223.6582031    736.1418457    567.1331177    0.0078796    -0.0015521    -0.0063275    0.0084972    nan    nan
1520    -27.7395000    1.6723200    12.1125000    0.0000903    1151.8402100    669.5020752    495.1232910    0.0075139    -0.0014748    -0.0060391    0.0081047    nan    nan
1521    -27.7452000    1.6753500    12.1125000    0.0000904    1070.9443359    594.3532104    414.3114014    0.0069164    -0.0013909    -0.0055255    0.0074483    nan    nan
1522    -27.7513000    1.6774800    12.1125000    0.0000905    982.5994263    510.8890686    326.6543884    0.0061350    -0.0012942    -0.0048408    0.0065807    nan    nan
1523    -27.7577000    1.6787600    12.1125000    0.0000911    888.8194580    418.4219055    235.8467865    0.0052585    -0.0011674    -0.0040911    0.0056096    nan    nan
1524    -27.7535000    1.7307200    12.1125000    0.0002081    706.3682251    183.1392670    113.3537827    0.0011123    -0.0004595    -0.0006528    0.0011229    nan    nan
1525    -27.7391000    1.7281300    12.1125000    0.0002103    779.5281982    253.1937866    181.3975983    0.0014173    -0.0005898    -0.0008275    0.0014309    nan    nan
1526    -27.7252000    1.7234500    12.1125000    0.0002109    845.0702515    311.9719849    250.0173950    0.0014940    -0.0006395    -0.0008545    0.0015071    nan    nan
1527    -27.7122000    1.7166800    12.1125000    0.0002110    902.5410156    366.3564453    312.7388916    0.0013738    -0.0005839    -0.0007900    0.0013867    nan    nan
1528    -27.7004000    1.7079800    12.1125000    0.0002108    949.2458496    433.1888428    351.7985840    0.0011262    -0.0004256    -0.0007006    0.0011442    nan    nan
1534    -27.7248000    1.7872800    12.1125000    0.0004515    640.0397339    137.6950226    60.2074890    0.0002002    -0.0000799    -0.0001203    0.0002019    nan    nan
1537    -27.7020000    1.7793900    12.1125000    0.0004478    691.4451294    193.9546814    102.7227097    0.0002729    -0.0001038    -0.0001691    0.0002760    nan    nan
1540    -27.6805000    1.7682200    12.1125000    0.0004460    733.7828369    255.6292572    134.8939972    0.0002660    -0.0000896    -0.0001764    0.0002713    nan    nan
1543    -27.6610000    1.7539000    12.1124000    0.0004446    762.9040527    318.9239197    151.9101257    0.0001861    -0.0000496    -0.0001365    0.0001933    nan    nan
1585    -27.7854000    1.6794300    12.1125000    0.0001593    531.4952393    26.4808540    -4.7140951    0.0002049    -0.0000956    -0.0001093    0.0002051    nan    nan
1586    -27.7827000    1.7316600    12.1125000    0.0002097    563.5712891    44.8825378    -5.5141754    0.0002680    -0.0001159    -0.0001521    0.0002697    nan    nan
1587    -27.7748000    1.6793400    12.1125000    0.0001401    635.5530396    111.5747910    53.2173119    0.0010609    -0.0003898    -0.0006711    0.0010765    nan    nan
1588    -27.7680000    1.7315500    12.1125000    0.0002044    635.9898071    113.4126968    52.7739487    0.0007212    -0.0003025    -0.0004187    0.0007276    nan    nan
1589    -27.7654000    1.6792600    12.1125000    0.0001250    765.1677246    275.7177124    137.7949982    0.0029172    -0.0008472    -0.0020699    0.0030354    nan    nan
1590    -27.7197000    1.6400600    12.1125000    0.0000920    1411.4633789    911.7100830    758.2984009    0.0079467    -0.0017700    -0.0061766    0.0085149    nan    nan
1591    -27.7209000    1.6465200    12.1125000    0.0000910    1399.6925049    901.2039795    744.4686890    0.0080926    -0.0017623    -0.0063303    0.0086800    nan    nan
1592    -27.7230000    1.6527200    12.1125000    0.0000905    1374.0506592    877.0665894    718.3723145    0.0081244    -0.0017308    -0.0063936    0.0087252    nan    nan
1593    -27.7259000    1.6585300    12.1125000    0.0000900    1335.5914307    840.7592773    679.7109375    0.0081302    -0.0016828    -0.0064474    0.0087451    nan    nan
1594    -27.7297000    1.6638100    12.1125000    0.0000899    1285.2633057    793.5043335    629.0880127    0.0080613    -0.0016221    -0.0064392    0.0086827    nan    nan
1595    -27.6901000    1.6976000    12.1125000    0.0002094    983.5520630    511.7668762    369.7071838    0.0008431    -0.0002462    -0.0005969    0.0008731    nan    nan
1596    -27.6816000    1.6857700    12.1125000    0.0002099    1003.8742676    592.1822510    376.6434937    0.0005932    -0.0001084    -0.0004848    0.0006366    nan    nan
1597    -27.6749000    1.6727200    12.1124000    0.0002110    1009.1496582    668.1161499    377.1608582    0.0004019    -0.0000242    -0.0003776    0.0004542    nan    nan
1598    -27.6703000    1.6587400    12.1124000    0.0002112    1001.0138550    734.4447632    376.3373413    0.0002819    0.0000154    -0.0002973    0.0003373    nan    nan
1599    -27.6679000    1.6441800    12.1124000    0.0002108    982.4836426    772.9013062    372.7026672    0.0002254    0.0000311    -0.0002565    0.0002820    nan    nan
2417    -27.7343000    1.6684400    11.8300000    0.0000982    1175.4296875    696.1459961    506.2995300    0.0083802    -0.0015605    -0.0068197    0.0090363    nan    nan
2418    -27.7395000    1.6723200    11.8300000    0.0000982    1110.9539795    637.4772949    441.3320923    0.0080873    -0.0014610    -0.0066263    0.0087371    nan    nan
2419    -27.7453000    1.6753600    11.8300000    0.0000983    1038.8424072    572.5643921    369.2182617    0.0075070    -0.0013467    -0.0061602    0.0081137    nan    nan
2420    -27.7514000    1.6774900    11.8300000    0.0000985    960.5220337    501.7703552    291.6718445    0.0066678    -0.0012151    -0.0054527    0.0071951    nan    nan
2421    -27.7578000    1.6787800    11.8300000    0.0000992    877.4066772    423.7191467    211.1776276    0.0056768    -0.0010569    -0.0046199    0.0061069    nan    nan
2422    -27.7536000    1.7307300    11.8300000    0.0002266    736.4677734    236.6474762    124.5968781    0.0012768    -0.0004643    -0.0008125    0.0012978    nan    nan
2423    -27.7391000    1.7281300    11.8300000    0.0002290    804.8887329    301.0743408    188.7926483    0.0015769    -0.0005860    -0.0009909    0.0016013    nan    nan
2424    -27.7252000    1.7234500    11.8300000    0.0002295    866.5097046    351.6858826    256.0282593    0.0016109    -0.0006401    -0.0009708    0.0016300    nan    nan
2425    -27.7122000    1.7166800    11.8300000    0.0002297    922.1470337    389.9997864    327.6454468    0.0014101    -0.0006143    -0.0007958    0.0014209    nan    nan
2426    -27.7004000    1.7079800    11.8300000    0.0002295    969.9351196    429.6491699    390.6237488    0.0010731    -0.0004729    -0.0006002    0.0010811    nan    nan
2432    -27.7249000    1.7872800    11.8300000    0.0004915    682.6846924    161.4634705    110.3045044    0.0002527    -0.0001084    -0.0001443    0.0002538    nan    nan
2435    -27.7020000    1.7793900    11.8300000    0.0004875    735.9713135    214.8904266    161.6911316    0.0003148    -0.0001351    -0.0001797    0.0003164    nan    nan
2438    -27.6805000    1.7682100    11.8300000    0.0004856    780.4304810    272.3940125    198.8710938    0.0002618    -0.0001051    -0.0001567    0.0002640    nan    nan
2441    -27.6611000    1.7539000    11.8300000    0.0004840    811.2993774    334.0321960    216.3805542    0.0001234    -0.0000417    -0.0000817    0.0001259    nan    nan
2483    -27.7854000    1.6794600    11.8300000    0.0001734    558.7329712    68.7086182    20.4745255    0.0001437    -0.0000580    -0.0000857    0.0001446    nan    nan
2484    -27.7827000    1.7316800    11.8300000    0.0002283    598.3256226    93.2593002    13.4243269    0.0003348    -0.0001290    -0.0002058    0.0003388    nan    nan
2485    -27.7748000    1.6793700    11.8300000    0.0001525    652.9630737    157.4079895    50.0240860    0.0010159    -0.0003087    -0.0007072    0.0010433    nan    nan
2486    -27.7681000    1.7315700    11.8300000    0.0002225    668.4967651    168.3312531    67.1632004    0.0008461    -0.0003124    -0.0005337    0.0008596    nan    nan
2487    -27.7654000    1.6792800    11.8300000    0.0001361    764.6386719    298.5574646    122.4319229    0.0030361    -0.0007294    -0.0023067    0.0031941    nan    nan
2488    -27.7198000    1.6400600    11.8300000    0.0001001    1348.4680176    857.2592163    681.9758911    0.0081163    -0.0018233    -0.0062930    0.0086527    nan    nan
2489    -27.7210000    1.6465200    11.8300000    0.0000990    1336.7631836    846.7188110    668.9069214    0.0082654    -0.0018091    -0.0064563    0.0088241    nan    nan
2490    -27.7230000    1.6527200    11.8300000    0.0000984    1312.7065430    824.0346680    644.6755981    0.0083420    -0.0017720    -0.0065700    0.0089235    nan    nan
2491    -27.7260000    1.6585300    11.8300000    0.0000980    1277.1984863    790.5415039    609.0720215    0.0084315    -0.0017165    -0.0067150    0.0090436    nan    nan
2492    -27.7297000    1.6638100    11.8300000    0.0000978    1231.2117920    747.5841675    562.6846313    0.0084645    -0.0016457    -0.0068188    0.0091038    nan    nan
2493    -27.6901000    1.6975900    11.8300000    0.0002280    1007.3476562    502.4456787    413.2647095    0.0007205    -0.0002647    -0.0004558    0.0007332    nan    nan
2494    -27.6816000    1.6857700    11.8300000    0.0002285    1030.1477051    582.4273682    417.5808411    0.0004222    -0.0001144    -0.0003077    0.0004394    nan    nan
2495    -27.6750000    1.6727100    11.8300000    0.0002297    1032.6562500    658.5414429    412.9218750    0.0002020    -0.0000385    -0.0001635    0.0002150    nan    nan
2496    -27.6704000    1.6587400    11.8299000    0.0002299    1017.7033081    725.4011230    417.9445801    0.0001205    -0.0000128    -0.0001077    0.0001324    nan    nan
3315    -27.7343000    1.6684600    11.5225000    0.0001069    1217.6235352    739.2329712    544.0222168    0.0087916    -0.0015483    -0.0072432    0.0095088    nan    nan
3316    -27.7395000    1.6723400    11.5225000    0.0001069    1149.0769043    676.8469238    475.2525330    0.0084721    -0.0014422    -0.0070299    0.0091815    nan    nan
3317    -27.7453000    1.6753800    11.5225000    0.0001070    1071.5668945    606.6461182    398.1991882    0.0078652    -0.0013260    -0.0065393    0.0085285    nan    nan
3318    -27.7514000    1.6775200    11.5225000    0.0001072    986.6370850    529.1613159    314.6322327    0.0069890    -0.0011982    -0.0057908    0.0075664    nan    nan
3319    -27.7578000    1.6788100    11.5225000    0.0001079    896.5292969    443.9967651    227.6123657    0.0059624    -0.0010486    -0.0049138    0.0064342    nan    nan
3320    -27.7536000    1.7307500    11.5225000    0.0002466    740.1705322    246.1135864    125.0603027    0.0012912    -0.0004549    -0.0008363    0.0013154    nan    nan
3321    -27.7392000    1.7281500    11.5225000    0.0002492    813.2570190    314.2874756    194.4572754    0.0015913    -0.0005772    -0.0010140    0.0016188    nan    nan
3322    -27.7253000    1.7234600    11.5225000    0.0002499    879.8098755    368.4717102    267.0829468    0.0016269    -0.0006364    -0.0009906    0.0016479    nan    nan
3323    -27.7123000    1.7166900    11.5224000    0.0002500    939.5159912    408.3699951    344.1247559    0.0014237    -0.0006200    -0.0008037    0.0014348    nan    nan
3324    -27.7005000    1.7079900    11.5224000    0.0002498    990.8339233    446.7721863    414.3261108    0.0010924    -0.0004933    -0.0005991    0.0010999    nan    nan
3330    -27.7249000    1.7873000    11.5225000    0.0005350    694.2003174    170.4460144    124.4391937    0.0002322    -0.0001001    -0.0001320    0.0002331    nan    nan
3333    -27.7020000    1.7794000    11.5225000    0.0005307    749.3122559    220.5657501    182.0420837    0.0002859    -0.0001279    -0.0001580    0.0002870    nan    nan
3336    -27.6806000    1.7682300    11.5224000    0.0005286    795.5223999    276.9906006    222.7312775    0.0002240    -0.0000958    -0.0001282    0.0002253    nan    nan
3381    -27.7854000    1.6794900    11.5225000    0.0001887    555.5712280    71.7952652    13.8237801    0.0001657    -0.0000644    -0.0001013    0.0001671    nan    nan
3382    -27.7827000    1.7317000    11.5225000    0.0002485    595.6697388    97.6907043    6.9598680    0.0003255    -0.0001197    -0.0002058    0.0003303    nan    nan
3383    -27.7748000    1.6794000    11.5225000    0.0001660    653.9774170    163.3255463    49.1917343    0.0010874    -0.0003164    -0.0007709    0.0011202    nan    nan
3384    -27.7681000    1.7315900    11.5225000    0.0002422    668.5001221    175.1330109    62.8860397    0.0008662    -0.0003074    -0.0005588    0.0008823    nan    nan
3385    -27.7655000    1.6793100    11.5225000    0.0001481    776.2220459    312.2239990    131.3517456    0.0032081    -0.0007337    -0.0024744    0.0033862    nan    nan
3386    -27.7198000    1.6400600    11.5224000    0.0001089    1396.5693359    904.1322021    725.3775635    0.0086222    -0.0018403    -0.0067819    0.0092210    nan    nan
3387    -27.7210000    1.6465200    11.5224000    0.0001078    1385.1026611    894.0471802    712.4098511    0.0087576    -0.0018260    -0.0069317    0.0093769    nan    nan
3388    -27.7231000    1.6527300    11.5224000    0.0001072    1360.7409668    871.4597168    687.8213501    0.0088191    -0.0017852    -0.0070339    0.0094609    nan    nan
3389    -27.7260000    1.6585500    11.5224000    0.0001067    1324.1768799    837.3646851    651.2987061    0.0088912    -0.0017225    -0.0071687    0.0095644    nan    nan
3390    -27.7298000    1.6638200    11.5224000    0.0001064    1276.2302246    792.9686890    603.1179199    0.0089021    -0.0016425    -0.0072597    0.0096035    nan    nan
3391    -27.6902000    1.6976000    11.5224000    0.0002482    1031.4735107    522.1448364    439.0396729    0.0007643    -0.0002892    -0.0004751    0.0007763    nan    nan
3392    -27.6817000    1.6857700    11.5224000    0.0002488    1055.8283691    602.9581909    443.8260193    0.0004798    -0.0001361    -0.0003436    0.0004974    nan    nan
3393    -27.6750000    1.6727200    11.5224000    0.0002501    1061.8543701    678.9077148    438.4827271    0.0002596    -0.0000556    -0.0002040    0.0002738    nan    nan
3394    -27.6704000    1.6587400    11.5224000    0.0002503    1051.2416992    744.4606934    444.8130493    0.0001831    -0.0000246    -0.0001585    0.0001988    nan    nan
3395    -27.6680000    1.6441800    11.5224000    0.0002498    1035.3428955    784.3041992    446.1073914    0.0001424    -0.0000102    -0.0001322    0.0001589    nan    nan
4213    -27.7343000    1.6684700    11.1877000    0.0001164    1218.1353760    747.0138550    538.0203857    0.0091133    -0.0015125    -0.0076008    0.0098850    nan    nan
4214    -27.7396000    1.6723500    11.1877000    0.0001164    1150.7816162    684.9159546    470.7855225    0.0088282    -0.0014121    -0.0074161    0.0095956    nan    nan
4215    -27.7453000    1.6753900    11.1877000    0.0001165    1075.1677246    615.9636841    395.9625854    0.0082426    -0.0013001    -0.0069425    0.0089664    nan    nan
4216    -27.7515000    1.6775300    11.1877000    0.0001167    992.8051758    540.8302612    315.2514343    0.0073638    -0.0011746    -0.0061893    0.0080018    nan    nan
4217    -27.7578000    1.6788300    11.1877000    0.0001175    905.5291748    458.7508240    231.1358185    0.0063134    -0.0010263    -0.0052872    0.0068416    nan    nan
4218    -27.7536000    1.7307600    11.1877000    0.0002685    757.0261841    270.1037903    135.6405029    0.0014191    -0.0004741    -0.0009449    0.0014509    nan    nan
4219    -27.7392000    1.7281600    11.1877000    0.0002713    829.7108154    337.7241516    204.8278198    0.0017185    -0.0005947    -0.0011238    0.0017538    nan    nan
4220    -27.7253000    1.7234700    11.1877000    0.0002720    895.8659668    391.2061157    277.3074036    0.0017293    -0.0006498    -0.0010795    0.0017558    nan    nan
4221    -27.7123000    1.7167000    11.1877000    0.0002721    956.2384644    430.9399109    355.1998596    0.0014945    -0.0006325    -0.0008620    0.0015081    nan    nan
4222    -27.7005000    1.7079900    11.1877000    0.0002719    1009.1146240    462.6004944    433.8249207    0.0011271    -0.0005240    -0.0006031    0.0011341    nan    nan
4225    -27.7487000    1.7919000    11.1877000    0.0005933    648.2775269    136.0866547    79.2425308    0.0001241    -0.0000511    -0.0000730    0.0001247    nan    nan
4228    -27.7249000    1.7873100    11.1877000    0.0005823    708.1854248    186.1636810    135.4103546    0.0002869    -0.0001215    -0.0001654    0.0002884    nan    nan
4231    -27.7021000    1.7794100    11.1877000    0.0005776    765.5000000    234.2685852    198.7272034    0.0003334    -0.0001498    -0.0001836    0.0003347    nan    nan
4234    -27.6806000    1.7682300    11.1877000    0.0005753    813.5734253    286.9809570    245.8393707    0.0002596    -0.0001157    -0.0001439    0.0002607    nan    nan
4279    -27.7855000    1.6795100    11.1877000    0.0002054    569.9141846    93.9502106    19.1353168    0.0001951    -0.0000705    -0.0001247    0.0001976    nan    nan
4280    -27.7828000    1.7317300    11.1877000    0.0002704    607.7987671    118.7781525    11.1861000    0.0004132    -0.0001420    -0.0002712    0.0004213    nan    nan
4281    -27.7749000    1.6794200    11.1877000    0.0001807    670.2000122    188.9824829    55.6265678    0.0011988    -0.0003266    -0.0008722    0.0012418    nan    nan
4282    -27.7681000    1.7316100    11.1877000    0.0002636    683.5520630    198.2179718    71.4557266    0.0009719    -0.0003269    -0.0006451    0.0009939    nan    nan
4283    -27.7655000    1.6793300    11.1877000    0.0001612    788.1574097    332.1666260    137.0353241    0.0034276    -0.0007236    -0.0027040    0.0036379    nan    nan
4284    -27.7198000    1.6400600    11.1877000    0.0001186    1397.5181885    915.9738159    718.3312378    0.0088391    -0.0017915    -0.0070477    0.0094782    nan    nan
4285    -27.7210000    1.6465200    11.1877000    0.0001173    1385.6357422    905.2189941    705.2267456    0.0089783    -0.0017764    -0.0072019    0.0096391    nan    nan
4286    -27.7231000    1.6527400    11.1877000    0.0001166    1360.8618164    881.6317139    680.4673462    0.0090499    -0.0017364    -0.0073135    0.0097351    nan    nan
4287    -27.7260000    1.6585500    11.1877000    0.0001161    1324.0631103    846.4614868    643.9815674    0.0091433    -0.0016761    -0.0074672    0.0098632    nan    nan
4288    -27.7298000    1.6638300    11.1877000    0.0001159    1276.2446289    801.2659302    596.2310791    0.0091866    -0.0016009    -0.0075857    0.0099388    nan    nan
4289    -27.6902000    1.6976100    11.1877000    0.0002701    1051.7420654    532.0109863    466.3432922    0.0007676    -0.0003086    -0.0004590    0.0007771    nan    nan
4290    -27.6817000    1.6857800    11.1877000    0.0002708    1078.4010010    613.6870117    472.0477905    0.0004606    -0.0001433    -0.0003173    0.0004743    nan    nan
4291    -27.6751000    1.6727200    11.1877000    0.0002722    1085.5965576    690.7979736    468.7095337    0.0002359    -0.0000592    -0.0001767    0.0002457    nan    nan
4292    -27.6705000    1.6587400    11.1877000    0.0002725    1075.2329102    757.2250977    477.3772583    0.0001631    -0.0000273    -0.0001359    0.0001748    nan    nan
4293    -27.6680000    1.6441800    11.1877000    0.0002719    1060.5258789    798.1452026    479.7714539    0.0001222    -0.0000132    -0.0001090    0.0001341    nan    nan
5111    -27.7344000    1.6684800    10.8234000    0.0001267    1230.1010742    761.0206299    546.3338013    0.0094185    -0.0015121    -0.0079064    0.0102323    nan    nan
5112    -27.7396000    1.6723600    10.8234000    0.0001267    1162.2858887    698.7146606    478.6407776    0.0091363    -0.0014062    -0.0077301    0.0099485    nan    nan
5113    -27.7453000    1.6754100    10.8234000    0.0001268    1085.6048584    628.9169312    402.8631287    0.0085424    -0.0012897    -0.0072526    0.0093119    nan    nan
5114    -27.7515000    1.6775500    10.8234000    0.0001271    1001.5264893    552.2730713    320.6674500    0.0076368    -0.0011616    -0.0064752    0.0083181    nan    nan
5115    -27.7579000    1.6788400    10.8234000    0.0001279    912.2520752    468.4088135    234.8022614    0.0065489    -0.0010130    -0.0055359    0.0071150    nan    nan
5116    -27.7536000    1.7307800    10.8234000    0.0002922    764.0189819    283.3379517    138.3816834    0.0014856    -0.0004762    -0.0010094    0.0015236    nan    nan
5117    -27.7392000    1.7281800    10.8234000    0.0002953    837.6682739    351.5677795    208.8532562    0.0017816    -0.0005950    -0.0011866    0.0018229    nan    nan
5118    -27.7253000    1.7234800    10.8234000    0.0002960    905.2060547    405.8470764    282.8155212    0.0017846    -0.0006512    -0.0011334    0.0018154    nan    nan
5119    -27.7123000    1.7167100    10.8234000    0.0002962    966.6968994    445.6043396    362.0289917    0.0015368    -0.0006370    -0.0008998    0.0015523    nan    nan
5120    -27.7005000    1.7080000    10.8234000    0.0002960    1020.6113892    474.2686462    444.5182190    0.0011561    -0.0005423    -0.0006138    0.0011630    nan    nan
5123    -27.7487000    1.7919100    10.8234000    0.0006458    657.5790405    149.5511780    82.7252960    0.0001495    -0.0000590    -0.0000905    0.0001506    nan    nan
5126    -27.7250000    1.7873200    10.8234000    0.0006338    718.8206177    201.1675568    141.8542480    0.0003179    -0.0001307    -0.0001872    0.0003200    nan    nan
5129    -27.7021000    1.7794200    10.8234000    0.0006287    777.6459961    247.8074341    208.9822235    0.0003579    -0.0001587    -0.0001992    0.0003594    nan    nan
5132    -27.6806000    1.7682400    10.8234000    0.0006262    826.9985962    294.2208862    263.8930054    0.0002749    -0.0001264    -0.0001485    0.0002759    nan    nan
5177    -27.7855000    1.6795300    10.8234000    0.0002236    572.9218140    103.0175705    17.3838043    0.0002044    -0.0000707    -0.0001337    0.0002077    nan    nan
5178    -27.7828000    1.7317400    10.8234000    0.0002944    610.9594116    129.1217041    9.5678101    0.0004465    -0.0001459    -0.0003006    0.0004568    nan    nan
5179    -27.7749000    1.6794400    10.8234000    0.0001966    672.7919312    197.4515381    54.3372650    0.0012471    -0.0003257    -0.0009214    0.0012961    nan    nan
5180    -27.7681000    1.7316300    10.8234000    0.0002869    688.8264771    209.9298096    72.6088562    0.0010192    -0.0003288    -0.0006904    0.0010454    nan    nan
5181    -27.7655000    1.6793500    10.8234000    0.0001755    792.5657349    340.7547607    138.2736816    0.0035600    -0.0007157    -0.0028443    0.0037907    nan    nan
5182    -27.7198000    1.6400600    10.8234000    0.0001290    1408.2061768    927.9323120    725.6020508    0.0091205    -0.0018047    -0.0073158    0.0097915    nan    nan
5183    -27.7211000    1.6465300    10.8234000    0.0001277    1396.5299072    917.4055176    712.7072144    0.0092600    -0.0017893    -0.0074707    0.0099530    nan    nan
5184    -27.7231000    1.6527400    10.8234000    0.0001269    1372.1300049    894.2816162    688.2911377    0.0093346    -0.0017480    -0.0075866    0.0100532    nan    nan
5185    -27.7260000    1.6585600    10.8234000    0.0001264    1335.7326660    859.6758423    652.1499023    0.0094341    -0.0016852    -0.0077489    0.0101898    nan    nan
5186    -27.7298000    1.6638400    10.8234000    0.0001261    1288.1511231    814.9416504    604.5702515    0.0094854    -0.0016057    -0.0078798    0.0102769    nan    nan
5187    -27.6902000    1.6976100    10.8234000    0.0002940    1064.4194336    539.2539062    482.3607178    0.0007916    -0.0003282    -0.0004634    0.0008001    nan    nan
5188    -27.6817000    1.6857800    10.8234000    0.0002947    1091.9504394    621.2596436    487.8372803    0.0004815    -0.0001562    -0.0003253    0.0004942    nan    nan
5189    -27.6751000    1.6727200    10.8234000    0.0002963    1099.8306885    698.0690308    484.7891235    0.0002578    -0.0000681    -0.0001897    0.0002674    nan    nan
5190    -27.6705000    1.6587400    10.8234000    0.0002966    1090.7947998    764.0922241    493.5627747    0.0001846    -0.0000342    -0.0001504    0.0001964    nan    nan
5191    -27.6680000    1.6441800    10.8234000    0.0002959    1076.9593506    804.4927979    495.8736267    0.0001419    -0.0000181    -0.0001238    0.0001544    nan    nan
6009    -27.7344000    1.6684800    10.4268000    0.0001379    1235.9584961    770.4432373    548.4459229    0.0096805    -0.0015012    -0.0081793    0.0105350    nan    nan
6010    -27.7396000    1.6723700    10.4268000    0.0001379    1167.9904785    707.5616455    480.7831726    0.0094121    -0.0013971    -0.0080150    0.0102662    nan    nan
6011    -27.7453000    1.6754200    10.4268000    0.0001380    1091.3880615    637.4960938    405.3080139    0.0088215    -0.0012817    -0.0075398    0.0096336    nan    nan
6012    -27.7515000    1.6775600    10.4268000    0.0001383    1007.7006836    561.0832520    323.7147217    0.0079035    -0.0011542    -0.0067494    0.0086260    nan    nan
6013    -27.7579000    1.6788600    10.4268000    0.0001392    918.9136963    477.7370300    238.5114899    0.0067902    -0.0010055    -0.0057847    0.0073935    nan    nan
6014    -27.7536000    1.7307900    10.4268000    0.0003180    772.2854614    296.0993652    143.0500641    0.0015678    -0.0004856    -0.0010822    0.0016119    nan    nan
6015    -27.7392000    1.7281900    10.4268000    0.0003214    845.9963379    364.1188354    213.8650360    0.0018601    -0.0006034    -0.0012567    0.0019074    nan    nan
6016    -27.7253000    1.7234900    10.4268000    0.0003222    914.1544800    418.8041992    288.4860535    0.0018526    -0.0006594    -0.0011932    0.0018878    nan    nan
6017    -27.7123000    1.7167100    10.4268000    0.0003224    976.6559448    459.3031311    368.5457764    0.0015898    -0.0006458    -0.0009440    0.0016076    nan    nan
6018    -27.7005000    1.7080000    10.4268000    0.0003222    1031.9062500    487.3364563    453.4740295    0.0011914    -0.0005577    -0.0006337    0.0011987    nan    nan
6021    -27.7487000    1.7919300    10.4268000    0.0007029    664.3624878    159.7868805    84.4968796    0.0001789    -0.0000682    -0.0001107    0.0001806    nan    nan
6024    -27.7250000    1.7873300    10.4268000    0.0006899    726.8731079    212.7373047    146.3011169    0.0003546    -0.0001424    -0.0002123    0.0003574    nan    nan
6027    -27.7021000    1.7794300    10.4268000    0.0006843    786.9685669    259.0023804    215.7846832    0.0003904    -0.0001706    -0.0002198    0.0003923    nan    nan
6030    -27.6806000    1.7682400    10.4268000    0.0006816    837.5599365    300.6525574    277.1726990    0.0003004    -0.0001407    -0.0001597    0.0003013    nan    nan
6033    -27.6612000    1.7539200    10.4268000    0.0006794    872.8006592    363.3318176    297.8800049    0.0001107    -0.0000454    -0.0000654    0.0001117    nan    nan
6075    -27.7855000    1.6795500    10.4268000    0.0002433    579.2050171    113.9757462    18.7731667    0.0002258    -0.0000748    -0.0001510    0.0002300    nan    nan
6076    -27.7828000    1.7317600    10.4268000    0.0003204    616.1408081    140.2876129    10.5675335    0.0004988    -0.0001557    -0.0003431    0.0005122    nan    nan
6077    -27.7749000    1.6794600    10.4268000    0.0002140    680.4959717    210.7790527    57.6615486    0.0013268    -0.0003345    -0.0009923    0.0013829    nan    nan
6078    -27.7682000    1.7316400    10.4268000    0.0003123    695.9294434    221.9620209    76.2089844    0.0010810    -0.0003368    -0.0007442    0.0011117    nan    nan
6079    -27.7655000    1.6793700    10.4268000    0.0001910    799.7482300    351.8161011    142.2140045    0.0037131    -0.0007138    -0.0029993    0.0039656    nan    nan
6080    -27.7199000    1.6400600    10.4268000    0.0001405    1415.6584473    940.2544556    728.8564453    0.0093351    -0.0017909    -0.0075443    0.0100384    nan    nan
6081    -27.7211000    1.6465300    10.4268000    0.0001389    1403.8056641    929.4715576    715.8719482    0.0094776    -0.0017751    -0.0077025    0.0102037    nan    nan
6082    -27.7231000    1.6527400    10.4268000    0.0001382    1379.1069336    905.8527222    691.2241211    0.0095576    -0.0017336    -0.0078240    0.0103106    nan    nan
6083    -27.7260000    1.6585600    10.4268000    0.0001375    1342.3395996    870.5869751    654.7770996    0.0096672    -0.0016711    -0.0079960    0.0104592    nan    nan
6084    -27.7298000    1.6638400    10.4268000    0.0001373    1294.3967285    825.1637573    606.9108887    0.0097320    -0.0015931    -0.0081389    0.0105619    nan    nan
6085    -27.6902000    1.6976100    10.4268000    0.0003200    1077.1702881    546.7058716    498.7536621    0.0008109    -0.0003462    -0.0004647    0.0008187    nan    nan
6086    -27.6817000    1.6857800    10.4268000    0.0003208    1106.4864502    629.5156860    505.2716064    0.0004924    -0.0001667    -0.0003257    0.0005039    nan    nan
6087    -27.6751000    1.6727200    10.4268000    0.0003225    1115.6782227    706.6138306    503.1452637    0.0002651    -0.0000743    -0.0001908    0.0002737    nan    nan
6088    -27.6705000    1.6587400    10.4268000    0.0003228    1107.6361084    772.7919922    512.4384155    0.0001905    -0.0000390    -0.0001515    0.0002013    nan    nan
6089    -27.6680000    1.6441800    10.4268000    0.0003221    1094.7446289    813.2490234    515.1744385    0.0001470    -0.0000220    -0.0001250    0.0001586    nan    nan
6907    -27.7344000    1.6684900    9.9951600    0.0001501    1242.3317871    779.0828247    551.9158325    0.0099237    -0.0014980    -0.0084257    0.0108140    nan    nan
6908    -27.7396000    1.6723800    9.9951600    0.0001501    1174.4447022    716.2762451    484.3572998    0.0096634    -0.0013918    -0.0082717    0.0105550    nan    nan
6909    -27.7453000    1.6754300    9.9951600    0.0001502    1097.6610107    646.0216675    408.8005066    0.0090699    -0.0012745    -0.0077955    0.0099202    nan    nan
6910    -27.7515000    1.6775700    9.9951600    0.0001505    1013.4824219    569.1565552    326.8631287    0.0081351    -0.0011458    -0.0069893    0.0088942    nan    nan
6911    -27.7579000    1.6788700    9.9951600    0.0001515    923.9925537    485.1708679    241.1481323    0.0069945    -0.0009969    -0.0059976    0.0076305    nan    nan
6912    -27.7537000    1.7308000    9.9951600    0.0003462    778.9992676    307.2104797    146.5466919    0.0016384    -0.0004919    -0.0011466    0.0016887    nan    nan
6913    -27.7392000    1.7282000    9.9951600    0.0003498    852.9575806    375.2448730    217.8807526    0.0019261    -0.0006078    -0.0013183    0.0019793    nan    nan
6914    -27.7254000    1.7235000    9.9951600    0.0003507    921.7931519    430.3631897    293.1817017    0.0019108    -0.0006641    -0.0012467    0.0019504    nan    nan
6915    -27.7123000    1.7167200    9.9951600    0.0003509    984.9411011    471.1452026    373.7339478    0.0016366    -0.0006521    -0.0009845    0.0016568    nan    nan
6916    -27.7005000    1.7080100    9.9951500    0.0003507    1040.7935791    498.4086609    459.7813416    0.0012240    -0.0005684    -0.0006555    0.0012318    nan    nan
6919    -27.7488000    1.7919400    9.9951700    0.0007651    670.3886719    170.0960693    86.2318497    0.0002105    -0.0000777    -0.0001328    0.0002129    nan    nan
6922    -27.7250000    1.7873400    9.9951600    0.0007509    734.5346069    224.3505859    150.2594299    0.0003892    -0.0001522    -0.0002370    0.0003929    nan    nan
6925    -27.7021000    1.7794400    9.9951600    0.0007449    795.9019775    270.9096680    221.4548340    0.0004214    -0.0001805    -0.0002409    0.0004238    nan    nan
6928    -27.6807000    1.7682500    9.9951500    0.0007419    847.5721436    308.7147217    288.0879822    0.0003249    -0.0001531    -0.0001718    0.0003260    nan    nan
6931    -27.6612000    1.7539200    9.9951500    0.0007395    883.5388794    368.5990295    312.0472107    0.0001259    -0.0000531    -0.0000728    0.0001268    nan    nan
6973    -27.7855000    1.6795700    9.9951700    0.0002649    583.4064941    122.0621567    18.7550716    0.0002397    -0.0000765    -0.0001631    0.0002448    nan    nan
6974    -27.7828000    1.7317800    9.9951700    0.0003487    619.7320557    149.0937042    10.7220287    0.0005398    -0.0001622    -0.0003776    0.0005559    nan    nan
6975    -27.7749000    1.6794800    9.9951700    0.0002330    684.3028564    219.2494812    58.2208939    0.0013838    -0.0003380    -0.0010459    0.0014459    nan    nan
6976    -27.7682000    1.7316600    9.9951700    0.0003399    701.3331909    231.7540283    78.7057419    0.0011308    -0.0003412    -0.0007896    0.0011657    nan    nan
6977    -27.7655000    1.6793800    9.9951700    0.0002079    803.9903564    359.3439941    143.8810272    0.0038356    -0.0007098    -0.0031258    0.0041066    nan    nan
6978    -27.7199000    1.6400600    9.9951500    0.0001529    1420.9450684    947.8948975    731.3085327    0.0095377    -0.0017921    -0.0077456    0.0102670    nan    nan
6979    -27.7211000    1.6465300    9.9951500    0.0001512    1409.1427002    937.1347046    718.4006348    0.0096829    -0.0017761    -0.0079068    0.0104356    nan    nan
6980    -27.7231000    1.6527500    9.9951500    0.0001504    1384.6220703    913.6469727    693.9369507    0.0097689    -0.0017342    -0.0080347    0.0105499    nan    nan
6981    -27.7261000    1.6585600    9.9951500    0.0001497    1348.1040039    878.5955811    657.7163086    0.0098883    -0.0016709    -0.0082174    0.0107105    nan    nan
6982    -27.7298000    1.6638500    9.9951600    0.0001494    1300.4714356    833.4961548    610.1029663    0.0099638    -0.0015917    -0.0083721    0.0108265    nan    nan
6983    -27.6903000    1.6976200    9.9951500    0.0003483    1086.7403565    552.1302490    511.1318359    0.0008313    -0.0003630    -0.0004684    0.0008386    nan    nan
6984    -27.6817000    1.6857800    9.9951500    0.0003492    1117.0932617    635.3587646    517.9357300    0.0005079    -0.0001771    -0.0003308    0.0005185    nan    nan
6985    -27.6751000    1.6727200    9.9951500    0.0003510    1127.1214600    712.3602295    516.1436157    0.0002782    -0.0000808    -0.0001974    0.0002865    nan    nan
6986    -27.6705000    1.6587400    9.9951400    0.0003514    1119.8851318    778.4318848    525.6090088    0.0002027    -0.0000444    -0.0001584    0.0002132    nan    nan
6987    -27.6680000    1.6441800    9.9951400    0.0003506    1107.6300049    818.6769409    528.4540405    0.0001580    -0.0000260    -0.0001320    0.0001694    nan    nan
7805    -27.7344000    1.6685000    9.5253400    0.0001633    1247.3845215    786.4375000    554.3312988    0.0101424    -0.0014940    -0.0086484    0.0110654    nan    nan
7806    -27.7396000    1.6723900    9.5253400    0.0001634    1179.3057861    723.2449341    486.6676331    0.0098905    -0.0013878    -0.0085027    0.0108159    nan    nan
7807    -27.7454000    1.6754400    9.5253500    0.0001635    1102.3696289    652.6593628    411.0989380    0.0092953    -0.0012702    -0.0080251    0.0101796    nan    nan
7808    -27.7515000    1.6775900    9.5253500    0.0001638    1018.1386719    575.6632690    329.2533875    0.0083487    -0.0011412    -0.0072075    0.0091407    nan    nan
7809    -27.7579000    1.6788900    9.5253500    0.0001649    928.6294556    491.6822205    243.6580200    0.0071865    -0.0009917    -0.0061948    0.0078522    nan    nan
7810    -27.7537000    1.7308100    9.5253500    0.0003768    784.6777344    316.4710999    149.5634918    0.0017035    -0.0004983    -0.0012053    0.0017594    nan    nan
7811    -27.7393000    1.7282000    9.5253500    0.0003807    858.7494507    384.3390503    221.2597961    0.0019876    -0.0006131    -0.0013745    0.0020460    nan    nan
7812    -27.7254000    1.7235000    9.5253400    0.0003817    928.1264038    439.8395386    297.0865479    0.0019656    -0.0006697    -0.0012959    0.0020093    nan    nan
7813    -27.7123000    1.7167200    9.5253400    0.0003820    992.0446167    481.2560425    378.1979370    0.0016815    -0.0006589    -0.0010227    0.0017040    nan    nan
7814    -27.7005000    1.7080100    9.5253400    0.0003817    1048.7702637    508.6679993    465.1899414    0.0012557    -0.0005773    -0.0006785    0.0012642    nan    nan
7817    -27.7488000    1.7919500    9.5253500    0.0008327    675.4685059    178.8117828    87.5524902    0.0002404    -0.0000863    -0.0001541    0.0002437    nan    nan
7820    -27.7250000    1.7873500    9.5253500    0.0008173    740.7304688    233.9217224    153.2973175    0.0004220    -0.0001614    -0.0002607    0.0004266    nan    nan
7823    -27.7021000    1.7794400    9.5253400    0.0008107    803.1076660    280.7908325    225.7363739    0.0004513    -0.0001899    -0.0002614    0.0004541    nan    nan
7826    -27.6807000    1.7682600    9.5253400    0.0008076    855.7060547    316.4606628    295.7406311    0.0003492    -0.0001643    -0.0001849    0.0003503    nan    nan
7829    -27.6612000    1.7539300    9.5253400    0.0008049    892.4735107    372.8995972    323.9120789    0.0001423    -0.0000615    -0.0000808    0.0001432    nan    nan
7871    -27.7855000    1.6795800    9.5253600    0.0002883    587.8395386    129.5768280    19.2024784    0.0002548    -0.0000787    -0.0001761    0.0002609    nan    nan
7872    -27.7828000    1.7317900    9.5253600    0.0003795    623.3916016    157.2658386    11.4444065    0.0005806    -0.0001688    -0.0004119    0.0005995    nan    nan
7873    -27.7749000    1.6794900    9.5253500    0.0002536    688.8983154    227.9489441    59.8107376    0.0014474    -0.0003435    -0.0011039    0.0015157    nan    nan
7874    -27.7682000    1.7316700    9.5253500    0.0003700    706.3341675    240.5302582    81.0729065    0.0011831    -0.0003467    -0.0008364    0.0012223    nan    nan
7875    -27.7655000    1.6794000    9.5253500    0.0002263    808.6032715    366.6970825    146.2071533    0.0039565    -0.0007081    -0.0032484    0.0042452    nan    nan
7876    -27.7199000    1.6400700    9.5253400    0.0001664    1426.7377930    956.4926147    734.3668823    0.0097188    -0.0017882    -0.0079305    0.0104732    nan    nan
7877    -27.7211000    1.6465300    9.5253400    0.0001646    1414.8781738    945.6411743    721.4402466    0.0098668    -0.0017720    -0.0080948    0.0106454    nan    nan
7878    -27.7231000    1.6527500    9.5253400    0.0001637    1390.2637940    921.9743042    696.9044800    0.0099586    -0.0017297    -0.0082289    0.0107667    nan    nan
7879    -27.7261000    1.6585700    9.5253400    0.0001629    1353.6164551    886.6907959    660.5460205    0.0100870    -0.0016664    -0.0084206    0.0109381    nan    nan
7880    -27.7298000    1.6638500    9.5253400    0.0001626    1305.7974853    841.2946777    612.7365723    0.0101717    -0.0015875    -0.0085843    0.0110651    nan    nan
7881    -27.6903000    1.6976200    9.5253400    0.0003791    1095.7078857    557.4645996    522.6632690    0.0008508    -0.0003789    -0.0004719    0.0008577    nan    nan
7882    -27.6817000    1.6857900    9.5253400    0.0003801    1127.3892822    641.3103638    530.2424927    0.0005223    -0.0001871    -0.0003352    0.0005323    nan    nan
7883    -27.6751000    1.6727300    9.5253300    0.0003821    1138.4005127    718.2786865    528.7414551    0.0002886    -0.0000868    -0.0002019    0.0002965    nan    nan
7884    -27.6705000    1.6587500    9.5253300    0.0003825    1132.0101318    784.3369141    538.5223999    0.0002125    -0.0000494    -0.0001631    0.0002225    nan    nan
7885    -27.6680000    1.6441800    9.5253300    0.0003816    1120.4471435    824.4645996    541.5922852    0.0001670    -0.0000300    -0.0001370    0.0001780    nan    nan
8703    -27.7344000    1.6685000    9.0139900    0.0001778    1251.9606934    792.9098511    556.6500854    0.0103431    -0.0014913    -0.0088518    0.0112959    nan    nan
8704    -27.7396000    1.6724000    9.0139900    0.0001778    1183.9575195    729.7225952    489.0963745    0.0100983    -0.0013841    -0.0087142    0.0110550    nan    nan
8705    -27.7454000    1.6754500    9.0139900    0.0001780    1106.9642334    659.0034790    413.5614319    0.0095008    -0.0012655    -0.0082353    0.0104165    nan    nan
8706    -27.7515000    1.6776000    9.0139900    0.0001783    1022.5133057    581.7700806    331.5961304    0.0085438    -0.0011359    -0.0074079    0.0093663    nan    nan
8707    -27.7579000    1.6789000    9.0139900    0.0001795    932.7023926    497.5294189    245.7867126    0.0073635    -0.0009864    -0.0063770    0.0080570    nan    nan
8708    -27.7537000    1.7308200    9.0139900    0.0004101    789.6779785    324.7172546    152.2480774    0.0017619    -0.0005032    -0.0012588    0.0018233    nan    nan
8709    -27.7393000    1.7282100    9.0139900    0.0004144    864.0923462    392.7041016    224.4829254    0.0020425    -0.0006169    -0.0014256    0.0021060    nan    nan
8710    -27.7254000    1.7235100    9.0139900    0.0004155    933.9970093    448.6345520    300.7701416    0.0020160    -0.0006742    -0.0013418    0.0020637    nan    nan
8711    -27.7124000    1.7167300    9.0139800    0.0004158    998.4691772    490.4956055    382.2107849    0.0017238    -0.0006648    -0.0010590    0.0017485    nan    nan
8712    -27.7005000    1.7080200    9.0139800    0.0004154    1055.6988525    517.8481445    469.6491699    0.0012862    -0.0005848    -0.0007014    0.0012952    nan    nan
8715    -27.7488000    1.7919600    9.0139900    0.0009064    680.3090820    187.0334778    89.0516663    0.0002701    -0.0000944    -0.0001757    0.0002743    nan    nan
8718    -27.7250000    1.7873600    9.0139900    0.0008896    746.5301514    242.9237976    156.1794281    0.0004536    -0.0001697    -0.0002839    0.0004591    nan    nan
8721    -27.7021000    1.7794500    9.0139900    0.0008825    809.8545532    290.2743835    229.6085510    0.0004805    -0.0001986    -0.0002820    0.0004840    nan    nan
8724    -27.6807000    1.7682600    9.0139800    0.0008790    863.3134766    325.0624390    301.6397400    0.0003735    -0.0001742    -0.0001993    0.0003748    nan    nan
8727    -27.6612000    1.7539300    9.0139800    0.0008761    900.7582397    376.9949341    334.8744507    0.0001594    -0.0000704    -0.0000890    0.0001603    nan    nan
8769    -27.7855000    1.6796000    9.0140000    0.0003138    591.6624756    135.9561005    19.4203033    0.0002676    -0.0000803    -0.0001873    0.0002746    nan    nan
8770    -27.7828000    1.7318000    9.0140000    0.0004131    626.6868286    164.4141083    12.2751732    0.0006170    -0.0001744    -0.0004426    0.0006385    nan    nan
8771    -27.7749000    1.6795100    9.0140000    0.0002760    692.3099976    234.9376526    60.7000656    0.0015041    -0.0003476    -0.0011566    0.0015783    nan    nan
8772    -27.7682000    1.7316800    9.0139900    0.0004027    710.8282471    248.4915924    83.0818787    0.0012366    -0.0003525    -0.0008842    0.0012803    nan    nan
8773    -27.7655000    1.6794100    9.0139900    0.0002463    812.2761230    372.8566284    147.8223877    0.0040677    -0.0007064    -0.0033613    0.0043728    nan    nan
8774    -27.7199000    1.6400700    9.0139800    0.0001811    1430.8345947    962.7124634    736.2457886    0.0098823    -0.0017872    -0.0080950    0.0106587    nan    nan
8775    -27.7211000    1.6465300    9.0139800    0.0001792    1418.9763184    951.8314819    723.3447266    0.0100333    -0.0017708    -0.0082624    0.0108344    nan    nan
8776    -27.7231000    1.6527500    9.0139800    0.0001782    1394.4177246    928.1620483    698.8691406    0.0101311    -0.0017283    -0.0084027    0.0109629    nan    nan
8777    -27.7261000    1.6585700    9.0139800    0.0001774    1357.8554688    892.9061279    662.5774536    0.0102687    -0.0016647    -0.0086040    0.0111455    nan    nan
8778    -27.7298000    1.6638600    9.0139800    0.0001770    1310.2059326    847.6565552    614.8899536    0.0103624    -0.0015855    -0.0087768    0.0112832    nan    nan
8779    -27.6903000    1.6976200    9.0139800    0.0004127    1103.1944580    561.8116455    532.3879395    0.0008692    -0.0003936    -0.0004756    0.0008759    nan    nan
8780    -27.6817000    1.6857900    9.0139800    0.0004137    1135.8992920    646.1163940    540.4490356    0.0005365    -0.0001964    -0.0003400    0.0005460    nan    nan
8781    -27.6751000    1.6727300    9.0139800    0.0004159    1147.7426758    723.0086060    539.1610718    0.0002995    -0.0000925    -0.0002070    0.0003070    nan    nan
8782    -27.6705000    1.6587500    9.0139800    0.0004163    1142.0412598    788.9895630    549.1507568    0.0002226    -0.0000542    -0.0001684    0.0002322    nan    nan
8783    -27.6681000    1.6441800    9.0139800    0.0004154    1131.0157471    828.9726562    552.3562622    0.0001762    -0.0000338    -0.0001424    0.0001870    nan    nan
9601    -27.7344000    1.6685100    8.4574100    0.0001935    1255.9641113    798.6570435    558.6271973    0.0105270    -0.0014891    -0.0090379    0.0115071    nan    nan
9602    -27.7396000    1.6724000    8.4574100    0.0001936    1187.8524170    735.2437744    491.0151978    0.0102886    -0.0013817    -0.0089069    0.0112736    nan    nan
9603    -27.7454000    1.6754500    8.4574100    0.0001937    1110.7385254    664.2893677    415.4526672    0.0096891    -0.0012625    -0.0084266    0.0106333    nan    nan
9604    -27.7515000    1.6776100    8.4574200    0.0001941    1026.1903076    586.9162598    333.4780273    0.0087237    -0.0011325    -0.0075912    0.0095740    nan    nan
9605    -27.7579000    1.6789100    8.4574200    0.0001954    936.2932129    502.6299744    247.6500854    0.0075275    -0.0009827    -0.0065448    0.0082466    nan    nan
9606    -27.7537000    1.7308300    8.4574200    0.0004464    794.0020752    331.8225708    154.5795288    0.0018155    -0.0005075    -0.0013080    0.0018819    nan    nan
9607    -27.7393000    1.7282200    8.4574200    0.0004510    868.6238403    399.7959900    227.2028809    0.0020927    -0.0006205    -0.0014722    0.0021609    nan    nan
9608    -27.7254000    1.7235100    8.4574100    0.0004522    938.9790039    456.1019592    303.8871460    0.0020620    -0.0006784    -0.0013836    0.0021133    nan    nan
9609    -27.7124000    1.7167300    8.4574100    0.0004525    1004.0226440    498.5041199    385.6757507    0.0017628    -0.0006703    -0.0010925    0.0017896    nan    nan
9610    -27.7006000    1.7080200    8.4574100    0.0004522    1061.8504639    526.1068726    473.5456848    0.0013147    -0.0005914    -0.0007233    0.0013244    nan    nan
9613    -27.7488000    1.7919700    8.4574200    0.0009865    684.4497681    194.4833984    90.3787766    0.0003003    -0.0001027    -0.0001975    0.0003054    nan    nan
9616    -27.7250000    1.7873700    8.4574200    0.0009682    751.5441895    250.7816162    158.6310272    0.0004831    -0.0001773    -0.0003058    0.0004897    nan    nan
9619    -27.7021000    1.7794600    8.4574100    0.0009605    815.6818237    298.5830994    232.8605499    0.0005081    -0.0002066    -0.0003016    0.0005122    nan    nan
9622    -27.6807000    1.7682600    8.4574100    0.0009567    869.8939819    333.0957031    306.1739197    0.0003966    -0.0001830    -0.0002135    0.0003980    nan    nan
9625    -27.6612000    1.7539300    8.4574100    0.0009536    907.9805908    380.5218811    344.4855957    0.0001760    -0.0000793    -0.0000968    0.0001769    nan    nan
9667    -27.7855000    1.6796100    8.4574200    0.0003415    595.1836548    141.7433166    19.7594795    0.0002800    -0.0000818    -0.0001982    0.0002880    nan    nan
9668    -27.7828000    1.7318200    8.4574200    0.0004496    629.7208252    170.9767914    13.1436357    0.0006507    -0.0001797    -0.0004710    0.0006746    nan    nan
9669    -27.7749000    1.6795200    8.4574200    0.0003004    695.6241455    241.3923645    61.7937241    0.0015579    -0.0003513    -0.0012066    0.0016377    nan    nan
9670    -27.7682000    1.7316900    8.4574200    0.0004383    714.8772583    255.5793610    84.9470520    0.0012867    -0.0003575    -0.0009292    0.0013348    nan    nan
9671    -27.7655000    1.6794200    8.4574200    0.0002681    815.7434692    378.4728394    149.4573059    0.0041721    -0.0007053    -0.0034667    0.0044924    nan    nan
9672    -27.7199000    1.6400700    8.4574100    0.0001971    1435.0511475    968.9383545    738.4504395    0.0100325    -0.0017856    -0.0082469    0.0108295    nan    nan
9673    -27.7211000    1.6465300    8.4574100    0.0001950    1423.1740723    958.0108643    725.5566406    0.0101866    -0.0017690    -0.0084175    0.0110088    nan    nan
9674    -27.7231000    1.6527500    8.4574100    0.0001939    1398.6064453    934.2843628    701.0729980    0.0102899    -0.0017263    -0.0085636    0.0111441    nan    nan
9675    -27.7261000    1.6585700    8.4574100    0.0001930    1362.0332031    898.9617920    664.7484131    0.0104360    -0.0016626    -0.0087734    0.0113368    nan    nan
9676    -27.7298000    1.6638600    8.4574100    0.0001926    1314.3276367    853.6136475    616.9705811    0.0105375    -0.0015835    -0.0089540    0.0114838    nan    nan
9677    -27.6903000    1.6976300    8.4574100    0.0004492    1110.0223389    565.9093018    541.2138062    0.0008865    -0.0004074    -0.0004792    0.0008930    nan    nan
9678    -27.6818000    1.6857900    8.4574100    0.0004503    1143.7921143    650.7139893    549.9050903    0.0005501    -0.0002054    -0.0003448    0.0005592    nan    nan
9679    -27.6751000    1.6727300    8.4574100    0.0004526    1156.4498291    727.5079956    548.7504272    0.0003094    -0.0000979    -0.0002115    0.0003167    nan    nan
9680    -27.6706000    1.6587500    8.4574100    0.0004531    1151.4123535    793.3984375    558.9573975    0.0002320    -0.0000587    -0.0001733    0.0002413    nan    nan
9681    -27.6681000    1.6441800    8.4574100    0.0004521    1140.9234619    833.2697144    562.3177490    0.0001850    -0.0000376    -0.0001474    0.0001956    nan    nan
10499    -27.7344000    1.6685100    7.8516300    0.0002106    1259.5560303    803.7807007    560.4267578    0.0106964    -0.0014874    -0.0092090    0.0117015    nan    nan
10500    -27.7396000    1.6724100    7.8516300    0.0002107    1191.4770508    740.3239746    492.8783569    0.0104634    -0.0013794    -0.0090841    0.0114747    nan    nan
10501    -27.7454000    1.6754600    7.8516300    0.0002108    1114.3104248    669.2305298    417.3406982    0.0098622    -0.0012595    -0.0086027    0.0108328    nan    nan
10502    -27.7515000    1.6776100    7.8516300    0.0002113    1029.6337891    591.7009277    335.3078918    0.0088889    -0.0011290    -0.0077599    0.0097649    nan    nan
10503    -27.7579000    1.6789200    7.8516300    0.0002126    939.5621948    507.2961426    249.3592682    0.0076780    -0.0009794    -0.0066987    0.0084210    nan    nan
10504    -27.7537000    1.7308400    7.8516300    0.0004858    797.9819946    338.2808533    156.7957611    0.0018650    -0.0005114    -0.0013536    0.0019362    nan    nan
10505    -27.7393000    1.7282300    7.8516300    0.0004909    872.8535156    406.3543701    229.7995758    0.0021396    -0.0006238    -0.0015158    0.0022123    nan    nan
10506    -27.7254000    1.7235200    7.8516300    0.0004922    943.6087646    462.9680481    306.8535767    0.0021047    -0.0006820    -0.0014227    0.0021595    nan    nan
10507    -27.7124000    1.7167300    7.8516300    0.0004925    1009.1326904    505.8619080    388.8915710    0.0017995    -0.0006754    -0.0011241    0.0018285    nan    nan
10508    -27.7006000    1.7080200    7.8516200    0.0004922    1067.3902588    533.6292114    476.9822083    0.0013420    -0.0005975    -0.0007445    0.0013525    nan    nan
10511    -27.7488000    1.7919800    7.8516300    0.0010738    688.1457520    201.2249451    91.6353912    0.0003288    -0.0001103    -0.0002185    0.0003350    nan    nan
10514    -27.7250000    1.7873700    7.8516300    0.0010538    756.1024170    257.9401855    160.8889771    0.0005108    -0.0001841    -0.0003267    0.0005183    nan    nan
10517    -27.7021000    1.7794600    7.8516300    0.0010454    821.0183105    306.2857056    235.8071136    0.0005342    -0.0002141    -0.0003200    0.0005389    nan    nan
10520    -27.6807000    1.7682700    7.8516300    0.0010413    875.9347534    340.8264160    310.0333862    0.0004187    -0.0001910    -0.0002277    0.0004204    nan    nan
10523    -27.6612000    1.7539400    7.8516200    0.0010380    914.5860596    383.8311157    353.2484131    0.0001924    -0.0000881    -0.0001043    0.0001933    nan    nan
10565    -27.7855000    1.6796300    7.8516300    0.0003717    598.3360596    146.8050079    20.0239773    0.0002914    -0.0000831    -0.0002083    0.0003002    nan    nan
10566    -27.7828000    1.7318300    7.8516300    0.0004894    632.4196167    176.7393646    13.9597578    0.0006821    -0.0001845    -0.0004977    0.0007085    nan    nan
10567    -27.7749000    1.6795300    7.8516300    0.0003269    698.4407349    246.9521484    62.6746712    0.0016074    -0.0003545    -0.0012528    0.0016925    nan    nan
10568    -27.7682000    1.7317000    7.8516300    0.0004771    718.5632935    261.9203491    86.7181854    0.0013331    -0.0003621    -0.0009710    0.0013853    nan    nan
10569    -27.7655000    1.6794300    7.8516300    0.0002918    818.7509766    383.3834534    150.8377075    0.0042677    -0.0007043    -0.0035634    0.0046022    nan    nan
10570    -27.7199000    1.6400700    7.8516200    0.0002146    1438.4273682    974.0625000    740.0738525    0.0101691    -0.0017848    -0.0083843    0.0109847    nan    nan
10571    -27.7211000    1.6465400    7.8516200    0.0002123    1426.5472412    963.1060791    727.1989136    0.0103263    -0.0017681    -0.0085582    0.0111678    nan    nan
10572    -27.7231000    1.6527600    7.8516300    0.0002111    1401.9975586    939.3490601    702.7316895    0.0104352    -0.0017252    -0.0087100    0.0113096    nan    nan
10573    -27.7261000    1.6585800    7.8516300    0.0002101    1365.4521484    903.9866943    666.4248047    0.0105892    -0.0016612    -0.0089280    0.0115118    nan    nan
10574    -27.7298000    1.6638700    7.8516300    0.0002097    1317.8361816    858.7084351    618.6935425    0.0106984    -0.0015821    -0.0091163    0.0116680    nan    nan
10575    -27.6903000    1.6976300    7.8516200    0.0004889    1116.0198975    569.4888916    548.9975586    0.0009028    -0.0004202    -0.0004826    0.0009092    nan    nan
10576    -27.6818000    1.6857900    7.8516200    0.0004901    1150.6972656    654.7169189    558.1874390    0.0005632    -0.0002138    -0.0003495    0.0005719    nan    nan
10577    -27.6751000    1.6727300    7.8516200    0.0004927    1164.0874023    731.4077759    557.1343384    0.0003190    -0.0001030    -0.0002160    0.0003260    nan    nan
10578    -27.6706000    1.6587500    7.8516200    0.0004932    1159.6464844    797.1862183    567.5504150    0.0002409    -0.0000628    -0.0001781    0.0002500    nan    nan
10579    -27.6681000    1.6441800    7.8516200    0.0004921    1149.6180420    836.9732666    571.0326538    0.0001934    -0.0000412    -0.0001522    0.0002038    nan    nan
11397    -27.7344000    1.6685200    7.1922800    0.0002292    1262.7437744    808.3466187    562.0151978    0.0108509    -0.0014861    -0.0093648    0.0118789    nan    nan
11398    -27.7396000    1.6724200    7.1922800    0.0002293    1194.6158447    744.7565308    494.4493103    0.0106228    -0.0013777    -0.0092451    0.0116578    nan    nan
11399    -27.7454000    1.6754700    7.1922800    0.0002295    1117.3577881    673.4732056    418.8966980    0.0100201    -0.0012572    -0.0087629    0.0110146    nan    nan
11400    -27.7515000    1.6776200    7.1922800    0.0002299    1032.6011963    595.8301392    336.8416748    0.0090402    -0.0011264    -0.0079138    0.0099396    nan    nan
11401    -27.7579000    1.6789300    7.1922800    0.0002314    942.4503174    511.3919678    250.8629303    0.0078163    -0.0009767    -0.0068396    0.0085809    nan    nan
11402    -27.7537000    1.7308500    7.1922800    0.0005288    801.5002441    343.9689331    158.7633514    0.0019106    -0.0005148    -0.0013957    0.0019863    nan    nan
11403    -27.7393000    1.7282300    7.1922800    0.0005343    876.5337524    412.0719910    232.0471344    0.0021825    -0.0006268    -0.0015557    0.0022594    nan    nan
11404    -27.7254000    1.7235200    7.1922800    0.0005357    947.6342163    468.9291077    309.4363098    0.0021437    -0.0006852    -0.0014584    0.0022017    nan    nan
11405    -27.7124000    1.7167400    7.1922800    0.0005361    1013.6294556    512.3500366    391.7191162    0.0018333    -0.0006802    -0.0011531    0.0018643    nan    nan
11406    -27.7006000    1.7080300    7.1922800    0.0005357    1072.3149414    540.3710938    480.0127258    0.0013674    -0.0006031    -0.0007643    0.0013787    nan    nan
11409    -27.7488000    1.7919900    7.1922800    0.0011687    691.4333496    207.2162018    92.7689209    0.0003553    -0.0001170    -0.0002383    0.0003625    nan    nan
11412    -27.7250000    1.7873800    7.1922800    0.0011470    760.1472778    264.2950439    162.9047699    0.0005366    -0.0001903    -0.0003463    0.0005451    nan    nan
11415    -27.7021000    1.7794700    7.1922800    0.0011379    825.7495728    313.1728516    238.3898773    0.0005585    -0.0002212    -0.0003372    0.0005638    nan    nan
11418    -27.6807000    1.7682700    7.1922800    0.0011334    881.2952881    347.8406372    313.3261108    0.0004394    -0.0001983    -0.0002412    0.0004413    nan    nan
11421    -27.6612000    1.7539400    7.1922800    0.0011297    920.4601440    386.7742920    361.0657349    0.0002080    -0.0000966    -0.0001114    0.0002089    nan    nan
11463    -27.7855000    1.6796400    7.1922900    0.0004046    601.2274170    151.3747101    20.3210297    0.0003020    -0.0000843    -0.0002177    0.0003117    nan    nan
11464    -27.7828000    1.7318400    7.1922900    0.0005327    634.9000854    181.9476471    14.7845173    0.0007111    -0.0001886    -0.0005225    0.0007397    nan    nan
11465    -27.7749000    1.6795400    7.1922900    0.0003558    701.0502930    251.9988861    63.5666542    0.0016533    -0.0003574    -0.0012959    0.0017435    nan    nan
11466    -27.7682000    1.7317100    7.1922900    0.0005193    721.9017334    267.5928650    88.3700027    0.0013757    -0.0003661    -0.0010096    0.0014319    nan    nan
11467    -27.7655000    1.6794400    7.1922900    0.0003176    821.4934692    387.7976990    152.1317139    0.0043558    -0.0007035    -0.0036523    0.0047032    nan    nan
11468    -27.7199000    1.6400700    7.1922800    0.0002335    1441.6724853    978.9030762    741.7473755    0.0102939    -0.0017843    -0.0085096    0.0111266    nan    nan
11469    -27.7211000    1.6465400    7.1922800    0.0002310    1429.7839356    967.9123535    728.8833618    0.0104541    -0.0017673    -0.0086867    0.0113134    nan    nan
11470    -27.7231000    1.6527600    7.1922800    0.0002297    1405.2479248    944.1345215    704.4244995    0.0105683    -0.0017243    -0.0088440    0.0114615    nan    nan
11471    -27.7261000    1.6585800    7.1922800    0.0002287    1368.6859131    908.6879272    668.0931396    0.0107297    -0.0016600    -0.0090697    0.0116724    nan    nan
11472    -27.7298000    1.6638700    7.1922800    0.0002282    1321.0689697    863.3781738    620.3291016    0.0108454    -0.0015809    -0.0092645    0.0118363    nan    nan
11473    -27.6903000    1.6976300    7.1922800    0.0005321    1121.4176025    572.7598877    555.9947510    0.0009181    -0.0004321    -0.0004859    0.0009244    nan    nan
11474    -27.6818000    1.6857900    7.1922800    0.0005334    1156.9636231    658.4050293    565.7018433    0.0005755    -0.0002216    -0.0003539    0.0005839    nan    nan
11475    -27.6751000    1.6727300    7.1922800    0.0005362    1171.0390625    734.9782104    564.7043457    0.0003279    -0.0001079    -0.0002201    0.0003347    nan    nan
11476    -27.6706000    1.6587500    7.1922800    0.0005368    1167.1298828    800.6402588    575.2893677    0.0002492    -0.0000668    -0.0001824    0.0002581    nan    nan
11477    -27.6681000    1.6441800    7.1922800    0.0005356    1157.5333252    840.3432007    578.8921509    0.0002014    -0.0000446    -0.0001567    0.0002115    nan    nan
12295    -27.7344000    1.6685200    6.4746400    0.0002495    1265.5842285    812.3999634    563.4438477    0.0109914    -0.0014850    -0.0095064    0.0120402    nan    nan
12296    -27.7396000    1.6724200    6.4746400    0.0002496    1197.4672852    748.7543945    495.9114685    0.0107677    -0.0013762    -0.0093915    0.0118243    nan    nan
12297    -27.7454000    1.6754700    6.4746400    0.0002498    1120.1593018    677.3413086    420.3710632    0.0101634    -0.0012551    -0.0089083    0.0111796    nan    nan
12298    -27.7515000    1.6776300    6.4746400    0.0002503    1035.3123779    599.5753174    338.2787781    0.0091776    -0.0011240    -0.0080536    0.0100983    nan    nan
12299    -27.7579000    1.6789400    6.4746400    0.0002519    945.0531616    515.0726318    252.2253571    0.0079423    -0.0009743    -0.0069679    0.0087267    nan    nan
12300    -27.7537000    1.7308600    6.4746400    0.0005756    804.6589355    349.0408630    160.5572510    0.0019521    -0.0005179    -0.0014342    0.0020320    nan    nan
12301    -27.7393000    1.7282400    6.4746400    0.0005816    879.8814087    417.2063293    234.1403809    0.0022215    -0.0006294    -0.0015922    0.0023023    nan    nan
12302    -27.7254000    1.7235300    6.4746400    0.0005831    951.3027344    474.3180542    311.8262939    0.0021792    -0.0006881    -0.0014911    0.0022403    nan    nan
12303    -27.7124000    1.7167400    6.4746400    0.0005835    1017.7008667    518.2097168    394.3020935    0.0018645    -0.0006845    -0.0011800    0.0018974    nan    nan
12304    -27.7006000    1.7080300    6.4746400    0.0005831    1076.7203369    546.4328003    482.7044678    0.0013912    -0.0006083    -0.0007829    0.0014031    nan    nan
12307    -27.7488000    1.7919900    6.4746400    0.0012720    694.3904419    212.5646973    93.8297043    0.0003797    -0.0001229    -0.0002567    0.0003879    nan    nan
12310    -27.7250000    1.7873900    6.4746400    0.0012484    763.7834473    270.0336914    164.7246399    0.0005603    -0.0001960    -0.0003643    0.0005698    nan    nan
12313    -27.7021000    1.7794700    6.4746400    0.0012385    830.0073853    319.3764954    240.7327576    0.0005810    -0.0002276    -0.0003533    0.0005869    nan    nan
12316    -27.6807000    1.7682800    6.4746400    0.0012336    886.1174316    354.2442627    316.2231750    0.0004588    -0.0002048    -0.0002539    0.0004609    nan    nan
12319    -27.6612000    1.7539400    6.4746300    0.0012296    925.7492065    389.4646606    368.0961609    0.0002228    -0.0001048    -0.0001180    0.0002237    nan    nan
12361    -27.7855000    1.6796500    6.4746400    0.0004403    603.8121948    155.3761291    20.5761528    0.0003118    -0.0000853    -0.0002265    0.0003223    nan    nan
12362    -27.7828000    1.7318500    6.4746400    0.0005798    637.1176147    186.5264435    15.5694828    0.0007376    -0.0001923    -0.0005453    0.0007684    nan    nan
12363    -27.7749000    1.6795500    6.4746400    0.0003873    703.3242188    256.3929749    64.3381348    0.0016955    -0.0003600    -0.0013355    0.0017903    nan    nan
12364    -27.7682000    1.7317200    6.4746400    0.0005652    724.9038086    272.6369019    89.8817062    0.0014152    -0.0003698    -0.0010454    0.0014750    nan    nan
12365    -27.7655000    1.6794500    6.4746400    0.0003456    823.9128418    391.6826782    153.2652740    0.0044364    -0.0007028    -0.0037336    0.0047958    nan    nan
12366    -27.7199000    1.6400700    6.4746400    0.0002542    1444.3885498    983.0215454    743.0874634    0.0104065    -0.0017839    -0.0086227    0.0112547    nan    nan
12367    -27.7211000    1.6465400    6.4746400    0.0002514    1432.4984131    972.0166016    730.2333984    0.0105698    -0.0017669    -0.0088029    0.0114452    nan    nan
12368    -27.7231000    1.6527600    6.4746400    0.0002500    1407.9732666    948.2019653    705.7851562    0.0106888    -0.0017237    -0.0089651    0.0115990    nan    nan
12369    -27.7261000    1.6585800    6.4746400    0.0002489    1371.4497070    912.7480469    669.4762573    0.0108575    -0.0016593    -0.0091983    0.0118185    nan    nan
12370    -27.7298000    1.6638700    6.4746400    0.0002484    1323.8725586    867.4390869    621.7283325    0.0109791    -0.0015801    -0.0093990    0.0119893    nan    nan
12371    -27.6903000    1.6976300    6.4746300    0.0005792    1126.1816406    575.6408081    562.1881714    0.0009322    -0.0004431    -0.0004890    0.0009385    nan    nan
12372    -27.6818000    1.6857900    6.4746300    0.0005806    1162.4931641    661.6623535    572.3336182    0.0005871    -0.0002289    -0.0003581    0.0005951    nan    nan
12373    -27.6751000    1.6727300    6.4746300    0.0005837    1177.1960449    738.1307373    571.3829956    0.0003363    -0.0001123    -0.0002239    0.0003428    nan    nan
12374    -27.6706000    1.6587500    6.4746300    0.0005843    1173.7714844    803.6707764    582.1386719    0.0002569    -0.0000703    -0.0001866    0.0002656    nan    nan
12375    -27.6681000    1.6441800    6.4746300    0.0005830    1164.5629883    843.3213501    585.8499146    0.0002088    -0.0000479    -0.0001609    0.0002187    nan    nan
13193    -27.7344000    1.6685200    5.6935500    0.0002716    1268.0776367    815.9647217    564.6972046    0.0111173    -0.0014842    -0.0096331    0.0121846    nan    nan
13194    -27.7396000    1.6724300    5.6935500    0.0002716    1199.9345703    752.2285156    497.1599426    0.0108974    -0.0013751    -0.0095222    0.0119733    nan    nan
13195    -27.7453000    1.6754800    5.6935500    0.0002718    1122.5710449    680.6838989    421.6173706    0.0102914    -0.0012536    -0.0090378    0.0113269    nan    nan
13196    -27.7515000    1.6776300    5.6935500    0.0002724    1037.6496582    602.8035278    339.5022278    0.0093005    -0.0011221    -0.0081785    0.0102401    nan    nan
13197    -27.7579000    1.6789400    5.6935500    0.0002742    947.3410034    518.3056030    253.4105682    0.0080560    -0.0009725    -0.0070835    0.0088584    nan    nan
13198    -27.7537000    1.7308600    5.6935500    0.0006264    807.4189453    353.4705200    162.1254730    0.0019895    -0.0005206    -0.0014689    0.0020732    nan    nan
13199    -27.7393000    1.7282400    5.6935500    0.0006330    882.7876587    421.6353149    235.9711304    0.0022563    -0.0006315    -0.0016248    0.0023405    nan    nan
13200    -27.7254000    1.7235300    5.6935500    0.0006347    954.5051270    479.0109863    313.9172058    0.0022112    -0.0006907    -0.0015205    0.0022750    nan    nan
13201    -27.7124000    1.7167400    5.6935400    0.0006351    1021.2610474    523.3385010    396.5633850    0.0018926    -0.0006885    -0.0012042    0.0019272    nan    nan
13202    -27.7005000    1.7080300    5.6935400    0.0006346    1080.5897217    551.7887573    485.0538330    0.0014128    -0.0006129    -0.0007999    0.0014255    nan    nan
13205    -27.7488000    1.7920000    5.6935500    0.0013845    697.0082397    217.2724152    94.7960281    0.0004019    -0.0001282    -0.0002737    0.0004111    nan    nan
13208    -27.7250000    1.7873900    5.6935500    0.0013588    766.9879150    275.1328125    166.3164368    0.0005819    -0.0002014    -0.0003805    0.0005922    nan    nan
13211    -27.7021000    1.7794700    5.6935500    0.0013480    833.7647095    324.8406372    242.8145905    0.0006015    -0.0002333    -0.0003682    0.0006081    nan    nan
13214    -27.6807000    1.7682800    5.6935400    0.0013427    890.3614502    359.9207459    318.7428589    0.0004765    -0.0002107    -0.0002657    0.0004788    nan    nan
13217    -27.6612000    1.7539400    5.6935400    0.0013384    930.4164429    391.8421326    374.3134155    0.0002366    -0.0001125    -0.0001240    0.0002374    nan    nan
13218    -27.7706000    1.7935000    5.6935500    0.0011427    640.0007935    166.4500580    46.7854080    0.0001124    -0.0000366    -0.0000759    0.0001147    nan    nan
13259    -27.7855000    1.6796600    5.6935500    0.0004793    606.1343384    158.9190674    20.8295918    0.0003207    -0.0000863    -0.0002344    0.0003319    nan    nan
13260    -27.7828000    1.7318500    5.6935500    0.0006310    639.1160278    190.5829773    16.3279743    0.0007616    -0.0001955    -0.0005662    0.0007944    nan    nan
13261    -27.7749000    1.6795600    5.6935500    0.0004215    705.3712769    260.2953186    65.0702591    0.0017337    -0.0003623    -0.0013714    0.0018327    nan    nan
13262    -27.7682000    1.7317300    5.6935500    0.0006152    727.5871582    277.0977173    91.2615662    0.0014509    -0.0003730    -0.0010779    0.0015142    nan    nan
13263    -27.7655000    1.6794600    5.6935500    0.0003762    826.0740967    395.1199951    154.2934570    0.0045094    -0.0007023    -0.0038070    0.0048794    nan    nan
13264    -27.7199000    1.6400700    5.6935400    0.0002767    1446.8580322    986.7349243    744.3457031    0.0105075    -0.0017837    -0.0087238    0.0113696    nan    nan
13265    -27.7211000    1.6465400    5.6935400    0.0002737    1434.9888916    975.7462158    731.5202026    0.0106739    -0.0017667    -0.0089072    0.0115638    nan    nan
13266    -27.7231000    1.6527600    5.6935400    0.0002722    1410.4648438    951.8765869    707.0817871    0.0107971    -0.0017232    -0.0090739    0.0117225    nan    nan
13267    -27.7260000    1.6585800    5.6935400    0.0002709    1373.9410400    916.3909302    670.7525635    0.0109723    -0.0016587    -0.0093137    0.0119498    nan    nan
13268    -27.7298000    1.6638800    5.6935400    0.0002704    1326.3737793    871.0562134    622.9939575    0.0110989    -0.0015794    -0.0095195    0.0121265    nan    nan
13269    -27.6903000    1.6976300    5.6935400    0.0006304    1130.3878174    578.2038574    567.6585083    0.0009450    -0.0004531    -0.0004918    0.0009513    nan    nan
13270    -27.6818000    1.6858000    5.6935400    0.0006320    1167.4028320    664.5820923    578.2214355    0.0005977    -0.0002356    -0.0003620    0.0006055    nan    nan
13271    -27.6751000    1.6727300    5.6935400    0.0006353    1182.6810303    740.9509277    577.2957764    0.0003439    -0.0001165    -0.0002274    0.0003502    nan    nan
13272    -27.6705000    1.6587500    5.6935400    0.0006359    1179.6713867    806.3480835    588.1849365    0.0002638    -0.0000735    -0.0001903    0.0002724    nan    nan
13273    -27.6681000    1.6441800    5.6935400    0.0006345    1170.8131103    845.9690552    591.9938354    0.0002156    -0.0000509    -0.0001647    0.0002254    nan    nan
14091    -27.7344000    1.6685300    4.8434000    0.0002956    1270.2420654    819.0501099    565.7927856    0.0112281    -0.0014836    -0.0097445    0.0123117    nan    nan
14092    -27.7396000    1.6724300    4.8434000    0.0002956    1202.0992432    755.2614746    498.2738342    0.0110115    -0.0013742    -0.0096373    0.0121044    nan    nan
14093    -27.7453000    1.6754800    4.8434000    0.0002959    1124.6972656    683.6144409    422.7363892    0.0104040    -0.0012522    -0.0091517    0.0114565    nan    nan
14094    -27.7515000    1.6776400    4.8434000    0.0002965    1039.7082519    605.6313477    340.5961914    0.0094087    -0.0011204    -0.0082883    0.0103650    nan    nan
14095    -27.7579000    1.6789500    4.8434000    0.0002984    949.3345947    521.1133423    254.4481812    0.0081564    -0.0009710    -0.0071854    0.0089746    nan    nan
14096    -27.7537000    1.7308700    4.8434000    0.0006818    809.8351440    357.3242493    163.5154724    0.0020225    -0.0005230    -0.0014995    0.0021097    nan    nan
14097    -27.7392000    1.7282500    4.8434000    0.0006890    885.3424072    425.4960327    237.6037445    0.0022869    -0.0006334    -0.0016536    0.0023743    nan    nan
14098    -27.7254000    1.7235300    4.8434000    0.0006908    957.3199463    483.1126709    315.7742920    0.0022394    -0.0006930    -0.0015464    0.0023057    nan    nan
14099    -27.7123000    1.7167500    4.8434000    0.0006912    1024.3809815    527.8191528    398.5609131    0.0019176    -0.0006919    -0.0012257    0.0019538    nan    nan
14100    -27.7005000    1.7080300    4.8434000    0.0006907    1083.9606934    556.4642944    487.0961304    0.0014323    -0.0006171    -0.0008152    0.0014456    nan    nan
14103    -27.7488000    1.7920000    4.8434000    0.0015069    699.2831421    221.3537292    95.6574020    0.0004217    -0.0001328    -0.0002889    0.0004317    nan    nan
14106    -27.7250000    1.7874000    4.8434000    0.0014790    769.7796631    279.5703430    167.7188568    0.0006011    -0.0002061    -0.0003950    0.0006121    nan    nan
14109    -27.7021000    1.7794800    4.8434000    0.0014672    837.0428467    329.6047974    244.6459961    0.0006198    -0.0002383    -0.0003815    0.0006269    nan    nan
14112    -27.6807000    1.7682800    4.8434000    0.0014615    894.0624390    364.8968506    320.9298706    0.0004923    -0.0002159    -0.0002764    0.0004949    nan    nan
14115    -27.6612000    1.7539500    4.8433900    0.0014567    934.4927368    393.9326172    379.7469482    0.0002490    -0.0001196    -0.0001294    0.0002499    nan    nan
14116    -27.7706000    1.7935100    4.8434000    0.0012437    642.0115356    169.9692535    46.6815872    0.0001262    -0.0000403    -0.0000859    0.0001290    nan    nan
14157    -27.7855000    1.6796700    4.8434000    0.0005216    608.1534424    161.9513397    21.0460510    0.0003285    -0.0000870    -0.0002415    0.0003404    nan    nan
14158    -27.7828000    1.7318600    4.8434000    0.0006868    640.8515015    194.0615387    17.0115395    0.0007828    -0.0001982    -0.0005847    0.0008175    nan    nan
14159    -27.7749000    1.6795700    4.8434000    0.0004588    707.1246338    263.6234131    65.7022934    0.0017675    -0.0003643    -0.0014032    0.0018703    nan    nan
14160    -27.7682000    1.7317300    4.8434000    0.0006695    729.9302368    280.9537354    92.4873199    0.0014827    -0.0003758    -0.0011069    0.0015489    nan    nan
14161    -27.7655000    1.6794700    4.8434000    0.0004094    827.9379883    398.0731201    155.1794586    0.0045738    -0.0007020    -0.0038719    0.0049534    nan    nan
14162    -27.7199000    1.6400700    4.8434000    0.0003011    1448.9633789    989.9304199    745.4025879    0.0105962    -0.0017837    -0.0088125    0.0114706    nan    nan
14163    -27.7211000    1.6465400    4.8434000    0.0002979    1437.0883789    978.9177856    732.5848389    0.0107653    -0.0017666    -0.0089987    0.0116681    nan    nan
14164    -27.7231000    1.6527600    4.8434000    0.0002962    1412.5502930    954.9779663    708.1397095    0.0108921    -0.0017229    -0.0091693    0.0118310    nan    nan
14165    -27.7260000    1.6585900    4.8434000    0.0002949    1376.0551758    919.4908447    671.8231812    0.0110734    -0.0016583    -0.0094151    0.0120653    nan    nan
14166    -27.7298000    1.6638800    4.8434000    0.0002943    1328.5198975    874.1650391    624.0737305    0.0112047    -0.0015790    -0.0096257    0.0122476    nan    nan
14167    -27.6903000    1.6976400    4.8433900    0.0006861    1134.0181885    580.4036255    572.3993530    0.0009564    -0.0004621    -0.0004944    0.0009628    nan    nan
14168    -27.6817000    1.6858000    4.8433900    0.0006878    1171.6494141    667.1164551    583.3126221    0.0006072    -0.0002416    -0.0003656    0.0006149    nan    nan
14169    -27.6751000    1.6727300    4.8433900    0.0006914    1187.4263916    743.3934937    582.4034424    0.0003507    -0.0001202    -0.0002305    0.0003569    nan    nan
14170    -27.6705000    1.6587500    4.8433900    0.0006922    1184.7861328    808.6589966    593.4130249    0.0002700    -0.0000763    -0.0001937    0.0002785    nan    nan
14171    -27.6681000    1.6441800    4.8433900    0.0006907    1176.2337647    848.2578735    597.3067017    0.0002217    -0.0000536    -0.0001681    0.0002313    nan    nan
14989    -27.7344000    1.6685300    3.9180900    0.0003217    1272.0611572    821.6430054    566.7163696    0.0113226    -0.0014831    -0.0098394    0.0124201    nan    nan
14990    -27.7396000    1.6724300    3.9180900    0.0003218    1203.9039307    757.7938843    499.1969299    0.0111086    -0.0013735    -0.0097351    0.0122159    nan    nan
14991    -27.7453000    1.6754900    3.9180900    0.0003220    1126.4648438    686.0537109    423.6598511    0.0104997    -0.0012512    -0.0092485    0.0115666    nan    nan
14992    -27.7515000    1.6776500    3.9180900    0.0003227    1041.4224853    607.9854126    341.5022278    0.0095006    -0.0011190    -0.0083816    0.0104712    nan    nan
14993    -27.7579000    1.6789500    3.9180900    0.0003248    951.0109863    523.4680176    255.3200378    0.0082420    -0.0009697    -0.0072723    0.0090737    nan    nan
14994    -27.7537000    1.7308700    3.9180900    0.0007421    811.8701782    360.5607910    164.6942139    0.0020507    -0.0005251    -0.0015257    0.0021408    nan    nan
14995    -27.7392000    1.7282500    3.9180900    0.0007499    887.4842529    428.7182007    238.9777679    0.0023130    -0.0006349    -0.0016781    0.0024030    nan    nan
14996    -27.7254000    1.7235400    3.9180900    0.0007519    959.6762085    486.5375061    317.3337402    0.0022635    -0.0006950    -0.0015685    0.0023320    nan    nan
14997    -27.7123000    1.7167500    3.9180900    0.0007524    1026.9965820    531.5725098    400.2392273    0.0019390    -0.0006949    -0.0012441    0.0019766    nan    nan
14998    -27.7005000    1.7080300    3.9180900    0.0007518    1086.7966309    560.4002075    488.8196716    0.0014491    -0.0006207    -0.0008284    0.0014629    nan    nan
15001    -27.7487000    1.7920100    3.9180900    0.0016401    701.2012939    224.7789307    96.3986206    0.0004387    -0.0001366    -0.0003021    0.0004495    nan    nan
15004    -27.7250000    1.7874000    3.9180900    0.0016097    772.1289673    283.2915649    168.9134216    0.0006176    -0.0002100    -0.0004075    0.0006293    nan    nan
15007    -27.7021000    1.7794800    3.9180900    0.0015969    839.8008423    333.6093750    246.1948547    0.0006356    -0.0002425    -0.0003930    0.0006432    nan    nan
15010    -27.6807000    1.7682800    3.9180900    0.0015907    897.1783447    369.0976868    322.7670288    0.0005060    -0.0002203    -0.0002857    0.0005088    nan    nan
15013    -27.6612000    1.7539500    3.9180900    0.0015855    937.9207764    395.6817017    384.3360901    0.0002598    -0.0001258    -0.0001340    0.0002608    nan    nan
15014    -27.7706000    1.7935100    3.9180900    0.0013537    643.6961670    172.9235382    46.6041412    0.0001382    -0.0000434    -0.0000948    0.0001414    nan    nan
15055    -27.7855000    1.6796700    3.9180900    0.0005678    609.8781128    164.5110321    21.2456589    0.0003353    -0.0000877    -0.0002476    0.0003478    nan    nan
15056    -27.7828000    1.7318700    3.9180900    0.0007475    642.3376465    196.9964142    17.6277733    0.0008009    -0.0002004    -0.0006006    0.0008372    nan    nan
15057    -27.7749000    1.6795800    3.9180900    0.0004994    708.6192017    266.4317322    66.2599945    0.0017964    -0.0003659    -0.0014305    0.0019024    nan    nan
15058    -27.7682000    1.7317400    3.9180900    0.0007287    731.9290161    284.2081299    93.5516052    0.0015099    -0.0003782    -0.0011318    0.0015789    nan    nan
15059    -27.7655000    1.6794700    3.9180900    0.0004456    829.5190430    400.5628662    155.9388886    0.0046290    -0.0007017    -0.0039273    0.0050167    nan    nan
15060    -27.7199000    1.6400700    3.9180900    0.0003277    1450.7510986    992.6384277    746.3103027    0.0106719    -0.0017838    -0.0088881    0.0115569    nan    nan
15061    -27.7211000    1.6465400    3.9180900    0.0003242    1438.8792725    981.6080322    733.5099487    0.0108434    -0.0017666    -0.0090768    0.0117572    nan    nan
15062    -27.7231000    1.6527600    3.9180900    0.0003224    1414.3510742    957.6444702    709.0740356    0.0109736    -0.0017227    -0.0092509    0.0119240    nan    nan
15063    -27.7260000    1.6585900    3.9180900    0.0003209    1377.8597412    922.1273193    672.7511597    0.0111595    -0.0016580    -0.0095016    0.0121639    nan    nan
15064    -27.7298000    1.6638800    3.9180900    0.0003203    1330.3472900    876.8161621    625.0000610    0.0112951    -0.0015788    -0.0097163    0.0123510    nan    nan
15065    -27.6903000    1.6976400    3.9180900    0.0007468    1137.0975342    582.2445068    576.4405518    0.0009666    -0.0004700    -0.0004967    0.0009730    nan    nan
15066    -27.6817000    1.6858000    3.9180800    0.0007487    1175.2142334    669.2568970    587.5908813    0.0006154    -0.0002468    -0.0003686    0.0006229    nan    nan
15067    -27.6751000    1.6727300    3.9180800    0.0007526    1191.4100342    745.4678955    586.7240601    0.0003567    -0.0001234    -0.0002333    0.0003628    nan    nan
15068    -27.6705000    1.6587500    3.9180800    0.0007534    1189.1054688    810.6176758    597.8131104    0.0002753    -0.0000787    -0.0001966    0.0002838    nan    nan
15069    -27.6681000    1.6441800    3.9180800    0.0007517    1180.8054199    850.1917114    601.7688599    0.0002270    -0.0000560    -0.0001709    0.0002365    nan    nan
15887    -27.7344000    1.6685300    2.9109700    0.0003501    1273.5146484    823.7091064    567.4576416    0.0113987    -0.0014828    -0.0099159    0.0125074    nan    nan
15888    -27.7396000    1.6724400    2.9109700    0.0003502    1205.3551025    759.8236694    499.9484253    0.0111869    -0.0013730    -0.0098138    0.0123059    nan    nan
15889    -27.7453000    1.6754900    2.9109700    0.0003505    1127.8902588    688.0132446    424.4144897    0.0105767    -0.0012504    -0.0093264    0.0116553    nan    nan
15890    -27.7515000    1.6776500    2.9109700    0.0003512    1042.8045654    609.8758545    342.2398071    0.0095748    -0.0011180    -0.0084568    0.0105568    nan    nan
15891    -27.7579000    1.6789600    2.9109700    0.0003535    952.3547363    525.3513184    256.0212097    0.0083112    -0.0009688    -0.0073424    0.0091537    nan    nan
15892    -27.7537000    1.7308800    2.9109700    0.0008077    813.4976807    363.1365051    165.6477966    0.0020734    -0.0005267    -0.0015467    0.0021659    nan    nan
15893    -27.7392000    1.7282500    2.9109700    0.0008162    889.2060547    431.2952576    240.0926971    0.0023340    -0.0006362    -0.0016979    0.0024262    nan    nan
15894    -27.7253000    1.7235400    2.9109700    0.0008183    961.5715332    489.2801819    318.5973511    0.0022829    -0.0006965    -0.0015864    0.0023531    nan    nan
15895    -27.7123000    1.7167500    2.9109700    0.0008189    1029.0965576    534.5775146    401.5957947    0.0019563    -0.0006973    -0.0012590    0.0019950    nan    nan
15896    -27.7005000    1.7080300    2.9109700    0.0008183    1089.0722656    563.5584106    490.2087097    0.0014626    -0.0006236    -0.0008391    0.0014770    nan    nan
