3 108 
692    -27.7102000    1.6400300    12.3742000    0.0000842    621.8699341    338.8644714    180.3531036    0.0001538    -0.0000587    -0.0000952    0.0001554    nan    nan
693    -27.7114000    1.6464400    12.3742000    0.0000833    618.0505371    314.6065369    176.1242065    0.0001873    -0.0000762    -0.0001111    0.0001885    nan    nan
694    -27.7135000    1.6525900    12.3742000    0.0000828    610.6737671    295.8625793    163.3397064    0.0001309    -0.0000514    -0.0000795    0.0001319    nan    nan
1590    -27.7102000    1.6400300    12.1146000    0.0000917    715.5084839    403.1661682    301.3507996    0.0002418    -0.0001132    -0.0001286    0.0002421    nan    nan
1591    -27.7114000    1.6464400    12.1146000    0.0000907    710.2628784    379.8621521    296.1096802    0.0002914    -0.0001334    -0.0001580    0.0002918    nan    nan
1592    -27.7135000    1.6525900    12.1146000    0.0000902    700.1633911    358.5510864    280.2914429    0.0002274    -0.0001056    -0.0001218    0.0002276    nan    nan
1593    -27.7164000    1.6583500    12.1146000    0.0000898    682.5179443    324.8607483    256.0424194    0.0001446    -0.0000679    -0.0000767    0.0001447    nan    nan
2488    -27.7103000    1.6400300    11.8320000    0.0000998    718.4426270    399.3334656    309.8732605    0.0002771    -0.0001335    -0.0001436    0.0002772    nan    nan
2489    -27.7115000    1.6464400    11.8320000    0.0000987    713.8826294    376.2008972    305.6177979    0.0003330    -0.0001529    -0.0001801    0.0003334    nan    nan
2490    -27.7135000    1.6525900    11.8320000    0.0000982    704.1157227    354.7833862    290.1308594    0.0002638    -0.0001234    -0.0001404    0.0002640    nan    nan
2491    -27.7164000    1.6583500    11.8320000    0.0000977    688.2905884    322.2629089    267.8076782    0.0001816    -0.0000861    -0.0000955    0.0001817    nan    nan
3386    -27.7103000    1.6400300    11.5243000    0.0001086    741.0654907    413.6064758    336.1007385    0.0003388    -0.0001544    -0.0001844    0.0003393    nan    nan
3387    -27.7115000    1.6464400    11.5243000    0.0001074    735.9244995    390.7043762    331.3507996    0.0003986    -0.0001727    -0.0002259    0.0003998    nan    nan
3388    -27.7135000    1.6525900    11.5243000    0.0001068    725.3850708    368.6638794    315.4269714    0.0003270    -0.0001443    -0.0001827    0.0003278    nan    nan
3389    -27.7165000    1.6583500    11.5243000    0.0001064    707.8967896    334.7778015    291.7706604    0.0002377    -0.0001068    -0.0001310    0.0002382    nan    nan
3390    -27.7202000    1.6635700    11.5243000    0.0001062    683.8759155    293.2825623    260.5268250    0.0001182    -0.0000544    -0.0000639    0.0001184    nan    nan
4284    -27.7103000    1.6400400    11.1895000    0.0001182    750.3763428    417.5307007    347.3149719    0.0003791    -0.0001690    -0.0002101    0.0003799    nan    nan
4285    -27.7115000    1.6464400    11.1895000    0.0001169    745.3980103    395.0086670    342.8389282    0.0004430    -0.0001872    -0.0002558    0.0004448    nan    nan
4286    -27.7135000    1.6526000    11.1895000    0.0001163    734.6658936    372.6712036    326.8556824    0.0003688    -0.0001588    -0.0002100    0.0003701    nan    nan
4287    -27.7165000    1.6583500    11.1895000    0.0001158    717.1959839    338.7573853    303.4208374    0.0002779    -0.0001217    -0.0001562    0.0002787    nan    nan
4288    -27.7202000    1.6635700    11.1895000    0.0001155    693.3309937    297.3677673    272.4739990    0.0001556    -0.0000699    -0.0000857    0.0001559    nan    nan
5182    -27.7103000    1.6400400    10.8250000    0.0001287    761.6861572    423.8822021    360.0320740    0.0004220    -0.0001827    -0.0002393    0.0004234    nan    nan
5183    -27.7115000    1.6464400    10.8250000    0.0001273    756.5072632    401.5625000    355.3906250    0.0004883    -0.0002002    -0.0002880    0.0004909    nan    nan
5184    -27.7136000    1.6526000    10.8250000    0.0001266    745.4351807    378.9482727    339.2896423    0.0004126    -0.0001723    -0.0002402    0.0004145    nan    nan
5185    -27.7165000    1.6583500    10.8250000    0.0001260    727.3779297    344.5882874    315.5173645    0.0003185    -0.0001354    -0.0001831    0.0003197    nan    nan
5186    -27.7203000    1.6635700    10.8250000    0.0001258    702.7699585    302.6195679    283.9742432    0.0001904    -0.0000832    -0.0001072    0.0001910    nan    nan
6080    -27.7103000    1.6400400    10.4284000    0.0001400    769.8925171    427.9216614    369.0763245    0.0004583    -0.0001943    -0.0002640    0.0004601    nan    nan
6081    -27.7115000    1.6464400    10.4284000    0.0001385    764.7072144    405.8713379    364.4778137    0.0005270    -0.0002115    -0.0003155    0.0005304    nan    nan
6082    -27.7136000    1.6526000    10.4284000    0.0001378    753.3993530    383.0258789    348.2988586    0.0004497    -0.0001838    -0.0002660    0.0004523    nan    nan
6083    -27.7165000    1.6583500    10.4284000    0.0001372    735.0781250    348.4742432    324.4629211    0.0003538    -0.0001471    -0.0002067    0.0003555    nan    nan
6084    -27.7203000    1.6635700    10.4284000    0.0001369    710.1837769    306.3271484    292.7587280    0.0002226    -0.0000952    -0.0001274    0.0002235    nan    nan
6978    -27.7103000    1.6400400    9.9966200    0.0001524    777.7304688    432.0093689    377.5776062    0.0004926    -0.0002046    -0.0002880    0.0004950    nan    nan
6979    -27.7115000    1.6464400    9.9966200    0.0001508    772.4577026    410.1542358    372.9107666    0.0005632    -0.0002213    -0.0003418    0.0005674    nan    nan
6980    -27.7136000    1.6526000    9.9966200    0.0001500    760.9237671    387.1256409    356.6700439    0.0004847    -0.0001939    -0.0002908    0.0004880    nan    nan
6981    -27.7165000    1.6583500    9.9966200    0.0001493    742.2706909    352.3561707    332.6918945    0.0003868    -0.0001574    -0.0002294    0.0003890    nan    nan
6982    -27.7203000    1.6635700    9.9966200    0.0001490    716.9598389    310.0241394    300.6006165    0.0002524    -0.0001057    -0.0001467    0.0002535    nan    nan
7805    -27.7248000    1.6681400    9.5267000    0.0001629    690.4429932    270.8633423    261.3582459    0.0001170    -0.0000496    -0.0000674    0.0001175    nan    nan
7876    -27.7103000    1.6400400    9.5267000    0.0001659    784.4226074    435.3611755    384.7006226    0.0005238    -0.0002138    -0.0003101    0.0005269    nan    nan
7877    -27.7115000    1.6464400    9.5267000    0.0001641    779.1099854    413.7078552    380.0177307    0.0005961    -0.0002302    -0.0003660    0.0006013    nan    nan
7878    -27.7136000    1.6526000    9.5267000    0.0001632    767.3768311    390.5110779    363.7224121    0.0005166    -0.0002030    -0.0003137    0.0005206    nan    nan
7879    -27.7165000    1.6583500    9.5267000    0.0001625    748.4579468    355.5713806    339.6492004    0.0004170    -0.0001666    -0.0002504    0.0004199    nan    nan
7880    -27.7203000    1.6635700    9.5267000    0.0001622    722.8323975    313.3007812    307.1044312    0.0002803    -0.0001153    -0.0001650    0.0002818    nan    nan
8703    -27.7248000    1.6681500    9.0152400    0.0001773    695.4802246    276.4815674    264.2014771    0.0001392    -0.0000582    -0.0000810    0.0001399    nan    nan
8774    -27.7103000    1.6400400    9.0152400    0.0001806    790.5604858    438.4734192    391.1770325    0.0005529    -0.0002220    -0.0003309    0.0005566    nan    nan
8775    -27.7115000    1.6464400    9.0152400    0.0001786    785.1886597    416.9871521    386.4461975    0.0006266    -0.0002380    -0.0003886    0.0006326    nan    nan
8776    -27.7136000    1.6526000    9.0152400    0.0001776    773.2739258    393.6533813    370.1066589    0.0005462    -0.0002110    -0.0003352    0.0005509    nan    nan
8777    -27.7165000    1.6583500    9.0152400    0.0001769    754.1072388    358.5801086    345.9382629    0.0004451    -0.0001749    -0.0002703    0.0004486    nan    nan
