4 185 
621    -27.7266000    1.6681700    12.3738000    0.0000827    693.4403687    257.8814392    183.4610291    0.0006720    -0.0003218    -0.0003502    0.0006732    nan    nan
622    -27.7318000    1.6719900    12.3738000    0.0000827    653.3792114    209.9783630    142.6620331    0.0004546    -0.0002126    -0.0002421    0.0004558    nan    nan
623    -27.7376000    1.6749600    12.3738000    0.0000828    607.6394043    162.5158386    96.9671555    0.0002175    -0.0000959    -0.0001216    0.0002184    nan    nan
692    -27.7121000    1.6400400    12.3738000    0.0000842    789.2927856    418.7452087    282.9772949    0.0011052    -0.0005182    -0.0005870    0.0011086    nan    nan
693    -27.7133000    1.6464500    12.3738000    0.0000833    784.0572510    398.1636658    279.1064148    0.0011711    -0.0005402    -0.0006308    0.0011751    nan    nan
694    -27.7154000    1.6526100    12.3738000    0.0000829    772.1706543    376.3216858    265.4681702    0.0010948    -0.0005109    -0.0005839    0.0010982    nan    nan
695    -27.7183000    1.6583700    12.3738000    0.0000825    752.9462280    343.5438232    245.2140656    0.0009953    -0.0004695    -0.0005259    0.0009980    nan    nan
696    -27.7221000    1.6635900    12.3738000    0.0000823    726.7451782    303.5285645    217.8471985    0.0008538    -0.0004070    -0.0004468    0.0008555    nan    nan
1519    -27.7267000    1.6681800    12.1142000    0.0000901    790.1146240    337.1065063    308.7025757    0.0008340    -0.0003006    -0.0005334    0.0008451    nan    nan
1520    -27.7319000    1.6720100    12.1142000    0.0000901    742.4224243    282.0059814    254.1143646    0.0005956    -0.0002275    -0.0003681    0.0006015    nan    nan
1521    -27.7376000    1.6749800    12.1142000    0.0000902    689.0946045    223.8657684    195.4826813    0.0003335    -0.0001374    -0.0001961    0.0003356    nan    nan
1590    -27.7122000    1.6400400    12.1142000    0.0000917    912.5737915    509.1896362    449.5975037    0.0013084    -0.0004662    -0.0008422    0.0013300    nan    nan
1591    -27.7134000    1.6464500    12.1142000    0.0000908    905.2999878    490.9573669    442.3475647    0.0013880    -0.0004770    -0.0009110    0.0014143    nan    nan
1592    -27.7154000    1.6526100    12.1142000    0.0000903    889.1936646    467.2404785    423.0781555    0.0013027    -0.0004507    -0.0008520    0.0013264    nan    nan
1593    -27.7183000    1.6583800    12.1142000    0.0000898    864.0824585    432.0959167    394.1567993    0.0011910    -0.0004137    -0.0007773    0.0012117    nan    nan
1594    -27.7221000    1.6636000    12.1142000    0.0000897    830.9217529    388.1863403    355.7522278    0.0010341    -0.0003610    -0.0006730    0.0010504    nan    nan
2417    -27.7267000    1.6681800    11.8316000    0.0000980    793.5948486    335.1425171    313.9365845    0.0009327    -0.0003252    -0.0006075    0.0009471    nan    nan
2418    -27.7319000    1.6720100    11.8316000    0.0000981    747.6095581    287.9870300    256.2006531    0.0006770    -0.0002470    -0.0004300    0.0006855    nan    nan
2419    -27.7376000    1.6749900    11.8316000    0.0000982    695.6887817    235.2050323    196.1367493    0.0003863    -0.0001510    -0.0002352    0.0003896    nan    nan
2420    -27.7438000    1.6770600    11.8316000    0.0000984    639.4716187    179.2538605    138.7014771    0.0001011    -0.0000423    -0.0000588    0.0001016    nan    nan
2488    -27.7122000    1.6400400    11.8316000    0.0000998    908.9265137    490.8695374    452.7044983    0.0014120    -0.0005057    -0.0009063    0.0014346    nan    nan
2489    -27.7134000    1.6464500    11.8316000    0.0000988    902.4980469    472.7333984    447.3262939    0.0014983    -0.0005151    -0.0009832    0.0015263    nan    nan
2490    -27.7154000    1.6526200    11.8316000    0.0000982    887.3361816    449.6579590    429.8215637    0.0014133    -0.0004870    -0.0009262    0.0014392    nan    nan
2491    -27.7184000    1.6583800    11.8316000    0.0000978    863.7528687    416.3540649    403.0879517    0.0013007    -0.0004476    -0.0008531    0.0013242    nan    nan
2492    -27.7221000    1.6636100    11.8316000    0.0000976    832.4557495    377.5891418    364.5042419    0.0011402    -0.0003922    -0.0007480    0.0011598    nan    nan
3315    -27.7267000    1.6681900    11.5240000    0.0001067    814.1263428    359.7359924    329.2739868    0.0010245    -0.0003340    -0.0006905    0.0010454    nan    nan
3316    -27.7319000    1.6720200    11.5240000    0.0001068    765.4703369    310.1841736    268.9738770    0.0007595    -0.0002589    -0.0005007    0.0007725    nan    nan
3317    -27.7377000    1.6749900    11.5240000    0.0001068    710.9715576    254.9767914    206.1199799    0.0004565    -0.0001673    -0.0002892    0.0004622    nan    nan
3318    -27.7438000    1.6770700    11.5240000    0.0001071    651.1083374    195.0689087    144.8722839    0.0001455    -0.0000580    -0.0000874    0.0001466    nan    nan
3386    -27.7122000    1.6400400    11.5239000    0.0001087    938.3897095    511.8302307    485.0375366    0.0015260    -0.0005106    -0.0010153    0.0015579    nan    nan
3387    -27.7134000    1.6464500    11.5239000    0.0001075    931.2175903    494.8573608    477.7321777    0.0016123    -0.0005185    -0.0010938    0.0016504    nan    nan
3388    -27.7155000    1.6526200    11.5239000    0.0001069    914.7696533    472.2940674    458.0325928    0.0015246    -0.0004918    -0.0010328    0.0015601    nan    nan
3389    -27.7184000    1.6583800    11.5240000    0.0001064    889.2388306    441.1339722    426.4060669    0.0014068    -0.0004538    -0.0009530    0.0014391    nan    nan
3390    -27.7222000    1.6636100    11.5240000    0.0001062    855.5326538    403.6896362    382.7379456    0.0012391    -0.0004002    -0.0008388    0.0012665    nan    nan
4213    -27.7267000    1.6681900    11.1891000    0.0001161    823.4539185    370.6886902    333.7613525    0.0011026    -0.0003476    -0.0007550    0.0011280    nan    nan
4214    -27.7319000    1.6720200    11.1891000    0.0001162    774.7663574    322.0875854    273.1231384    0.0008314    -0.0002720    -0.0005594    0.0008480    nan    nan
4215    -27.7377000    1.6750000    11.1891000    0.0001163    720.0216064    267.6023560    209.5845184    0.0005161    -0.0001810    -0.0003351    0.0005240    nan    nan
4216    -27.7438000    1.6770800    11.1891000    0.0001166    660.4503784    208.8146057    147.8401489    0.0001938    -0.0000740    -0.0001198    0.0001958    nan    nan
4284    -27.7122000    1.6400400    11.1891000    0.0001183    947.4958496    512.5197144    496.1893311    0.0016064    -0.0005247    -0.0010817    0.0016430    nan    nan
4285    -27.7134000    1.6464600    11.1891000    0.0001170    940.4653931    496.4020996    488.6885681    0.0016950    -0.0005318    -0.0011632    0.0017383    nan    nan
4286    -27.7155000    1.6526200    11.1891000    0.0001164    923.9679565    475.9129639    467.2877197    0.0016073    -0.0005054    -0.0011019    0.0016479    nan    nan
4287    -27.7184000    1.6583800    11.1891000    0.0001159    898.4568481    448.5016785    432.6861572    0.0014889    -0.0004678    -0.0010212    0.0015263    nan    nan
4288    -27.7222000    1.6636100    11.1891000    0.0001156    864.7879639    413.4142761    387.5849304    0.0013197    -0.0004149    -0.0009048    0.0013519    nan    nan
5111    -27.7267000    1.6682000    10.8247000    0.0001264    833.5863647    382.8383179    339.6913452    0.0011703    -0.0003561    -0.0008143    0.0012006    nan    nan
5112    -27.7319000    1.6720200    10.8247000    0.0001265    783.8276367    333.4711304    278.2173462    0.0008934    -0.0002811    -0.0006123    0.0009139    nan    nan
5113    -27.7377000    1.6750000    10.8247000    0.0001266    727.9385376    278.2923584    213.4711304    0.0005690    -0.0001919    -0.0003771    0.0005793    nan    nan
5114    -27.7438000    1.6770800    10.8247000    0.0001269    667.0148315    218.3895264    150.1222229    0.0002316    -0.0000854    -0.0001463    0.0002346    nan    nan
5182    -27.7122000    1.6400400    10.8247000    0.0001288    961.0654907    520.5786743    509.8034058    0.0016849    -0.0005329    -0.0011519    0.0017274    nan    nan
5183    -27.7134000    1.6464600    10.8247000    0.0001274    953.7754517    507.6531677    498.9566650    0.0017733    -0.0005390    -0.0012343    0.0018230    nan    nan
5184    -27.7155000    1.6526200    10.8247000    0.0001267    936.7946167    488.8114929    475.5284424    0.0016849    -0.0005131    -0.0011718    0.0017317    nan    nan
5185    -27.7184000    1.6583900    10.8247000    0.0001261    910.5483398    461.7644653    439.8997498    0.0015643    -0.0004760    -0.0010883    0.0016076    nan    nan
5186    -27.7222000    1.6636100    10.8247000    0.0001259    875.9476929    426.3473511    394.1202698    0.0013916    -0.0004238    -0.0009678    0.0014293    nan    nan
6009    -27.7267000    1.6682000    10.4280000    0.0001376    841.3153076    391.8877258    343.5164795    0.0012315    -0.0003661    -0.0008654    0.0012659    nan    nan
6010    -27.7320000    1.6720300    10.4281000    0.0001377    791.1668091    342.3564148    281.8898315    0.0009510    -0.0002902    -0.0006608    0.0009750    nan    nan
6011    -27.7377000    1.6750100    10.4281000    0.0001378    734.7419434    287.2270508    216.5103149    0.0006187    -0.0002019    -0.0004168    0.0006314    nan    nan
6012    -27.7438000    1.6770900    10.4281000    0.0001381    673.4291382    227.4600372    152.4286041    0.0002715    -0.0000968    -0.0001747    0.0002755    nan    nan
6080    -27.7122000    1.6400400    10.4280000    0.0001402    970.1746826    524.5739136    518.6325073    0.0017510    -0.0005419    -0.0012091    0.0017981    nan    nan
6081    -27.7134000    1.6464600    10.4280000    0.0001386    962.8338013    515.3175659    504.3096924    0.0018401    -0.0005473    -0.0012928    0.0018948    nan    nan
6082    -27.7155000    1.6526200    10.4280000    0.0001379    945.6109619    497.2101440    480.1058044    0.0017514    -0.0005217    -0.0012297    0.0018032    nan    nan
6083    -27.7184000    1.6583900    10.4280000    0.0001373    919.0516357    470.5336304    444.1289673    0.0016299    -0.0004850    -0.0011449    0.0016780    nan    nan
6084    -27.7222000    1.6636200    10.4280000    0.0001370    884.0767822    435.3067932    398.1480713    0.0014555    -0.0004334    -0.0010220    0.0014976    nan    nan
6907    -27.7267000    1.6682000    9.9963200    0.0001498    848.4862061    400.3825378    347.2332459    0.0012866    -0.0003744    -0.0009122    0.0013250    nan    nan
6908    -27.7320000    1.6720300    9.9963300    0.0001498    797.7476196    350.3104858    285.3382263    0.0010028    -0.0002975    -0.0007053    0.0010303    nan    nan
6909    -27.7377000    1.6750100    9.9963300    0.0001500    740.6082153    294.8978882    219.2301941    0.0006639    -0.0002104    -0.0004536    0.0006790    nan    nan
6910    -27.7438000    1.6770900    9.9963300    0.0001503    678.5404053    234.7081146    154.1901398    0.0003065    -0.0001062    -0.0002003    0.0003116    nan    nan
6978    -27.7122000    1.6400400    9.9963200    0.0001526    979.2854614    531.4194946    525.1417847    0.0018126    -0.0005490    -0.0012637    0.0018645    nan    nan
6979    -27.7134000    1.6464600    9.9963200    0.0001509    971.8159180    524.0205078    508.9660950    0.0019016    -0.0005536    -0.0013480    0.0019613    nan    nan
6980    -27.7155000    1.6526200    9.9963200    0.0001501    954.3132324    505.9992371    484.5674744    0.0018127    -0.0005284    -0.0012843    0.0018694    nan    nan
6981    -27.7184000    1.6583900    9.9963200    0.0001494    927.3415527    479.2944641    448.4329834    0.0016900    -0.0004920    -0.0011981    0.0017428    nan    nan
6982    -27.7222000    1.6636200    9.9963200    0.0001491    891.8444824    443.9592285    402.2261963    0.0015135    -0.0004409    -0.0010725    0.0015601    nan    nan
7805    -27.7268000    1.6682000    9.5264300    0.0001630    854.6527710    407.4903259    350.3007812    0.0013372    -0.0003822    -0.0009550    0.0013793    nan    nan
7806    -27.7320000    1.6720300    9.5264300    0.0001631    803.5103760    357.1767578    288.2574158    0.0010505    -0.0003047    -0.0007458    0.0010813    nan    nan
7807    -27.7377000    1.6750100    9.5264300    0.0001632    745.8825073    301.6399841    221.6799164    0.0007063    -0.0002181    -0.0004882    0.0007236    nan    nan
7808    -27.7438000    1.6770900    9.5264300    0.0001636    683.3451538    241.3892975    155.9672699    0.0003407    -0.0001150    -0.0002257    0.0003470    nan    nan
7876    -27.7122000    1.6400400    9.5264300    0.0001660    986.9295654    537.9987793    529.2453613    0.0018680    -0.0005557    -0.0013123    0.0019241    nan    nan
7877    -27.7135000    1.6464600    9.5264300    0.0001643    979.3790283    531.1759033    512.5621338    0.0019570    -0.0005597    -0.0013973    0.0020212    nan    nan
7878    -27.7155000    1.6526200    9.5264300    0.0001633    961.6444702    513.1887207    488.0547180    0.0018680    -0.0005348    -0.0013332    0.0019291    nan    nan
7879    -27.7184000    1.6583900    9.5264300    0.0001626    934.3510132    486.4773865    451.8438110    0.0017445    -0.0004987    -0.0012458    0.0018016    nan    nan
7880    -27.7222000    1.6636200    9.5264300    0.0001623    898.4622192    451.1166077    405.5178833    0.0015664    -0.0004481    -0.0011183    0.0016171    nan    nan
8703    -27.7268000    1.6682100    9.0149900    0.0001774    860.3023071    413.9822388    353.1716919    0.0013838    -0.0003889    -0.0009948    0.0014294    nan    nan
8704    -27.7320000    1.6720400    9.0149900    0.0001775    808.7144165    363.3804016    290.9248962    0.0010943    -0.0003111    -0.0007832    0.0011282    nan    nan
8705    -27.7377000    1.6750200    9.0149900    0.0001777    750.5848999    307.6142578    223.8953247    0.0007456    -0.0002249    -0.0005207    0.0007653    nan    nan
8706    -27.7439000    1.6771000    9.0149900    0.0001780    687.5024414    247.1536560    157.4766998    0.0003724    -0.0001227    -0.0002497    0.0003799    nan    nan
8774    -27.7123000    1.6400400    9.0149900    0.0001807    994.0076294    544.5813599    532.5774536    0.0019190    -0.0005614    -0.0013576    0.0019791    nan    nan
8775    -27.7135000    1.6464600    9.0149900    0.0001788    986.3676147    537.8269043    515.8533325    0.0020079    -0.0005649    -0.0014430    0.0020764    nan    nan
8776    -27.7155000    1.6526300    9.0149900    0.0001778    968.4215088    519.8388672    491.2946167    0.0019188    -0.0005402    -0.0013785    0.0019841    nan    nan
8777    -27.7184000    1.6583900    9.0149900    0.0001770    940.8236084    493.0979004    455.0355530    0.0017946    -0.0005044    -0.0012902    0.0018557    nan    nan
8778    -27.7222000    1.6636200    9.0149900    0.0001766    904.5522461    457.6855774    408.5997009    0.0016151    -0.0004542    -0.0011609    0.0016696    nan    nan
9601    -27.7268000    1.6682100    8.4583300    0.0001931    865.3223267    419.6497803    355.6672668    0.0014265    -0.0003950    -0.0010315    0.0014755    nan    nan
9602    -27.7320000    1.6720400    8.4583400    0.0001932    813.3642578    368.8290405    293.2793884    0.0011346    -0.0003168    -0.0008178    0.0011714    nan    nan
9603    -27.7377000    1.6750200    8.4583400    0.0001934    754.8245239    312.9180603    225.8992767    0.0007819    -0.0002309    -0.0005510    0.0008038    nan    nan
9604    -27.7439000    1.6771000    8.4583400    0.0001938    691.3134766    252.3703613    158.9219513    0.0004021    -0.0001296    -0.0002725    0.0004109    nan    nan
9672    -27.7123000    1.6400400    8.4583300    0.0001967    1000.2979126    550.4179688    535.3593140    0.0019655    -0.0005667    -0.0013989    0.0020294    nan    nan
9673    -27.7135000    1.6464600    8.4583300    0.0001946    992.5822754    543.6510620    518.6800537    0.0020543    -0.0005697    -0.0014847    0.0021267    nan    nan
