7 406 
621    -27.7323000    1.6683400    12.3724000    0.0000828    950.7784424    391.1566162    373.1265259    0.0051381    -0.0020049    -0.0031332    0.0053011    nan    nan
622    -27.7375000    1.6722000    12.3724000    0.0000828    898.0294800    352.2960510    308.2810669    0.0047485    -0.0018315    -0.0029170    0.0049017    nan    nan
623    -27.7432000    1.6752100    12.3724000    0.0000829    838.5985718    306.3537903    239.3615417    0.0041811    -0.0015985    -0.0025826    0.0043147    nan    nan
624    -27.7494000    1.6773100    12.3724000    0.0000831    772.7218628    251.6115723    169.0063782    0.0034670    -0.0013155    -0.0021515    0.0035718    nan    nan
625    -27.7558000    1.6785800    12.3724000    0.0000836    699.1115723    185.7470703    98.1559982    0.0026583    -0.0010014    -0.0016569    0.0027297    nan    nan
626    -27.7515000    1.7305500    12.3725000    0.0001911    564.4916382    60.2316818    -13.8158369    0.0002218    -0.0000867    -0.0001350    0.0002244    nan    nan
627    -27.7371000    1.7279900    12.3725000    0.0001931    609.2719727    94.5118866    26.8921127    0.0005049    -0.0002029    -0.0003020    0.0005105    nan    nan
628    -27.7232000    1.7233300    12.3724000    0.0001935    653.6992798    136.4993744    68.3454514    0.0006712    -0.0002681    -0.0004031    0.0006791    nan    nan
629    -27.7102000    1.7165900    12.3724000    0.0001937    693.1262817    187.9842072    99.0994797    0.0007029    -0.0002585    -0.0004444    0.0007146    nan    nan
630    -27.6984000    1.7079100    12.3724000    0.0001935    723.6224976    248.4490051    115.6433640    0.0006252    -0.0001887    -0.0004365    0.0006447    nan    nan
689    -27.7728000    1.6791200    12.3725000    0.0001286    502.7403870    33.5688095    -48.6202278    0.0003457    -0.0001445    -0.0002011    0.0003484    nan    nan
691    -27.7634000    1.6790500    12.3725000    0.0001148    601.9671021    92.9427872    19.0287819    0.0012428    -0.0005115    -0.0007313    0.0012595    nan    nan
692    -27.7178000    1.6400500    12.3723000    0.0000843    1088.7397461    563.2056274    485.7063293    0.0054454    -0.0021864    -0.0032590    0.0056163    nan    nan
693    -27.7190000    1.6464900    12.3723000    0.0000834    1080.3197022    548.5635376    479.8551025    0.0055640    -0.0022093    -0.0033547    0.0057389    nan    nan
694    -27.7210000    1.6526800    12.3723000    0.0000830    1061.6854248    521.8281250    467.1086731    0.0055388    -0.0022056    -0.0033332    0.0057108    nan    nan
695    -27.7240000    1.6584700    12.3723000    0.0000826    1033.2888184    482.9363709    447.6030884    0.0054843    -0.0021804    -0.0033039    0.0056536    nan    nan
696    -27.7277000    1.6637300    12.3724000    0.0000824    996.1164551    433.5052795    421.4553528    0.0053665    -0.0021181    -0.0032483    0.0055333    nan    nan
697    -27.6881000    1.6975400    12.3724000    0.0001922    742.3386841    314.0849915    120.4422760    0.0004861    -0.0000990    -0.0003871    0.0005163    nan    nan
698    -27.6796000    1.6857300    12.3724000    0.0001926    746.6826172    382.8503113    118.3258896    0.0003412    -0.0000253    -0.0003159    0.0003817    nan    nan
699    -27.6729000    1.6726800    12.3724000    0.0001936    735.3200073    450.7048035    116.4097900    0.0002429    0.0000170    -0.0002599    0.0002918    nan    nan
700    -27.6684000    1.6587200    12.3723000    0.0001938    713.0916138    515.2762451    114.6956558    0.0001731    0.0000395    -0.0002125    0.0002268    nan    nan
701    -27.6659000    1.6441700    12.3723000    0.0001934    683.1817627    556.7495117    108.8815460    0.0001313    0.0000445    -0.0001758    0.0001832    nan    nan
1519    -27.7324000    1.6683600    12.1129000    0.0000902    1146.6123047    651.8906250    520.1536255    0.0056702    -0.0012354    -0.0044348    0.0060608    nan    nan
1520    -27.7376000    1.6722300    12.1129000    0.0000902    1076.6983643    587.2247925    449.0912170    0.0052956    -0.0011643    -0.0041313    0.0056567    nan    nan
1521    -27.7433000    1.6752400    12.1129000    0.0000903    998.8418579    514.6990356    369.9723816    0.0047472    -0.0010837    -0.0036635    0.0050577    nan    nan
1522    -27.7495000    1.6773600    12.1129000    0.0000905    914.4912720    433.9001465    285.4309998    0.0040695    -0.0009830    -0.0030865    0.0043143    nan    nan
1523    -27.7558000    1.6786200    12.1129000    0.0000911    824.4398193    343.1418152    199.5895538    0.0033144    -0.0008416    -0.0024728    0.0034924    nan    nan
1524    -27.7516000    1.7305800    12.1129000    0.0002081    643.0609131    120.6871338    68.4115372    0.0004022    -0.0001708    -0.0002314    0.0004049    nan    nan
1525    -27.7372000    1.7280200    12.1129000    0.0002102    705.8472290    179.6751099    127.2842560    0.0006386    -0.0002732    -0.0003654    0.0006434    nan    nan
1526    -27.7233000    1.7233500    12.1129000    0.0002108    765.9301147    237.0377655    186.7971191    0.0007327    -0.0003165    -0.0004161    0.0007382    nan    nan
1527    -27.7103000    1.7166100    12.1129000    0.0002109    819.4902344    297.6289368    236.4360809    0.0006906    -0.0002870    -0.0004037    0.0006972    nan    nan
1528    -27.6985000    1.7079300    12.1129000    0.0002107    862.5421143    366.4549866    267.2979126    0.0005460    -0.0001988    -0.0003472    0.0005556    nan    nan
1587    -27.7729000    1.6791700    12.1129000    0.0001401    574.8738403    73.4645157    33.5497856    0.0004633    -0.0001787    -0.0002845    0.0004675    nan    nan
1588    -27.7661000    1.7314000    12.1129000    0.0002044    586.1787109    72.0074005    23.5565243    0.0001088    -0.0000471    -0.0000617    0.0001095    nan    nan
1589    -27.7635000    1.6791000    12.1129000    0.0001250    705.3586426    202.7818451    109.2264328    0.0015920    -0.0005000    -0.0010920    0.0016395    nan    nan
1590    -27.7178000    1.6400500    12.1129000    0.0000919    1331.8843994    824.6743774    708.7835693    0.0059810    -0.0014310    -0.0045500    0.0063654    nan    nan
1591    -27.7190000    1.6465000    12.1129000    0.0000909    1320.0046387    813.8948975    695.0855103    0.0060807    -0.0014233    -0.0046574    0.0064780    nan    nan
1592    -27.7211000    1.6526900    12.1129000    0.0000904    1294.4708252    789.7313232    669.6090088    0.0060450    -0.0013935    -0.0046515    0.0064450    nan    nan
1593    -27.7240000    1.6584900    12.1129000    0.0000900    1256.5971680    754.0304565    631.5660400    0.0059890    -0.0013512    -0.0046378    0.0063920    nan    nan
1594    -27.7278000    1.6637500    12.1129000    0.0000898    1207.0850830    707.7870483    581.5085449    0.0058828    -0.0012978    -0.0045850    0.0062843    nan    nan
1595    -27.6882000    1.6975600    12.1129000    0.0002093    892.0188599    440.1206055    281.7169800    0.0003528    -0.0000974    -0.0002554    0.0003666    nan    nan
1596    -27.6796000    1.6857400    12.1129000    0.0002098    906.4081421    515.5226440    284.8553467    0.0001682    -0.0000275    -0.0001406    0.0001815    nan    nan
2417    -27.7324000    1.6683700    11.8304000    0.0000982    1112.1181641    619.7766724    474.6987000    0.0060550    -0.0012693    -0.0047857    0.0064669    nan    nan
2418    -27.7376000    1.6722400    11.8304000    0.0000982    1048.5856934    563.4688721    409.4961853    0.0057118    -0.0011748    -0.0045370    0.0061081    nan    nan
2419    -27.7434000    1.6752500    11.8304000    0.0000983    978.0551758    501.0513916    337.3239746    0.0051505    -0.0010668    -0.0040837    0.0055047    nan    nan
2420    -27.7495000    1.6773700    11.8304000    0.0000985    901.8645020    432.2517395    260.4935303    0.0044144    -0.0009398    -0.0034746    0.0047051    nan    nan
2421    -27.7559000    1.6786400    11.8304000    0.0000991    820.4758301    354.2476807    182.3374786    0.0035571    -0.0007781    -0.0027791    0.0037760    nan    nan
2422    -27.7517000    1.7306000    11.8304000    0.0002265    670.9788208    163.3797455    83.0451584    0.0004891    -0.0001891    -0.0002999    0.0004946    nan    nan
2423    -27.7372000    1.7280200    11.8304000    0.0002289    732.2619629    219.2309418    141.5970154    0.0007222    -0.0002862    -0.0004360    0.0007300    nan    nan
2424    -27.7233000    1.7233600    11.8304000    0.0002295    791.2163086    267.6945801    205.6526184    0.0007964    -0.0003348    -0.0004615    0.0008029    nan    nan
2425    -27.7103000    1.7166100    11.8304000    0.0002296    844.1882935    309.3554688    269.6093750    0.0007122    -0.0003187    -0.0003935    0.0007164    nan    nan
2426    -27.6985000    1.7079300    11.8304000    0.0002294    886.9466553    363.3697510    310.0713501    0.0005101    -0.0002179    -0.0002921    0.0005140    nan    nan
2485    -27.7729000    1.6792000    11.8304000    0.0001525    591.6898193    116.0068130    35.6416130    0.0004686    -0.0001556    -0.0003130    0.0004774    nan    nan
2486    -27.7662000    1.7314100    11.8304000    0.0002225    618.3292236    109.3992233    42.8039169    0.0001437    -0.0000578    -0.0000859    0.0001449    nan    nan
2487    -27.7635000    1.6791200    11.8304000    0.0001360    709.8924561    227.1977081    98.7862701    0.0016294    -0.0004350    -0.0011944    0.0016936    nan    nan
2488    -27.7179000    1.6400500    11.8304000    0.0001000    1284.2456055    775.2767334    649.9199829    0.0062279    -0.0015298    -0.0046981    0.0065894    nan    nan
2489    -27.7191000    1.6465000    11.8304000    0.0000989    1272.6119385    764.9048462    637.0707397    0.0063227    -0.0015144    -0.0048083    0.0066988    nan    nan
2490    -27.7211000    1.6527000    11.8304000    0.0000984    1248.4183350    742.4437866    613.3143311    0.0062948    -0.0014740    -0.0048208    0.0066788    nan    nan
2491    -27.7241000    1.6584900    11.8304000    0.0000979    1212.8015137    709.8225098    577.7926025    0.0062605    -0.0014173    -0.0048432    0.0066560    nan    nan
2492    -27.7278000    1.6637500    11.8304000    0.0000977    1167.2281494    668.8312988    531.2876587    0.0062053    -0.0013496    -0.0048557    0.0066128    nan    nan
2493    -27.6882000    1.6975500    11.8304000    0.0002279    915.8206177    434.5664673    320.9889526    0.0002554    -0.0000880    -0.0001674    0.0002608    nan    nan
3315    -27.7324000    1.6683800    11.5228000    0.0001069    1150.7083740    662.1104126    507.1345825    0.0063755    -0.0012483    -0.0051271    0.0068393    nan    nan
3316    -27.7376000    1.6722500    11.5228000    0.0001069    1082.6108398    600.9248657    438.2819824    0.0060178    -0.0011519    -0.0048660    0.0064641    nan    nan
3317    -27.7434000    1.6752700    11.5228000    0.0001070    1006.5278931    532.6121216    361.5445251    0.0054343    -0.0010461    -0.0043882    0.0058343    nan    nan
3318    -27.7495000    1.6773900    11.5228000    0.0001072    924.0576782    457.2486877    279.3049622    0.0046668    -0.0009258    -0.0037410    0.0049964    nan    nan
3319    -27.7559000    1.6786600    11.5228000    0.0001079    836.5020752    372.7720947    195.5809784    0.0037745    -0.0007726    -0.0030019    0.0040238    nan    nan
3320    -27.7517000    1.7306100    11.5228000    0.0002465    676.1917725    172.7675018    85.0973206    0.0005085    -0.0001915    -0.0003170    0.0005151    nan    nan
3321    -27.7373000    1.7280400    11.5228000    0.0002491    740.8894043    231.2745056    147.6065979    0.0007408    -0.0002882    -0.0004526    0.0007497    nan    nan
3322    -27.7234000    1.7233700    11.5228000    0.0002498    803.2083740    281.7875061    215.8881989    0.0008111    -0.0003379    -0.0004733    0.0008183    nan    nan
3323    -27.7104000    1.7166200    11.5228000    0.0002499    859.4423828    323.2508850    285.8644104    0.0007228    -0.0003269    -0.0003959    0.0007270    nan    nan
3324    -27.6985000    1.7079300    11.5228000    0.0002497    905.2774048    376.5117493    332.3833313    0.0005208    -0.0002292    -0.0002917    0.0005244    nan    nan
3383    -27.7729000    1.6792200    11.5228000    0.0001659    594.0877686    123.4537582    33.9756355    0.0005198    -0.0001644    -0.0003554    0.0005315    nan    nan
3384    -27.7662000    1.7314300    11.5228000    0.0002421    620.5323486    116.1049194    41.7838860    0.0001554    -0.0000609    -0.0000945    0.0001569    nan    nan
3385    -27.7636000    1.6791400    11.5228000    0.0001481    719.1683960    240.2159576    105.4485092    0.0017528    -0.0004408    -0.0013120    0.0018299    nan    nan
3386    -27.7179000    1.6400600    11.5228000    0.0001089    1330.1621094    825.2291870    689.0220947    0.0065792    -0.0015143    -0.0050648    0.0069935    nan    nan
3387    -27.7191000    1.6465000    11.5228000    0.0001077    1318.1983643    814.4379272    675.9279175    0.0066723    -0.0014986    -0.0051737    0.0071015    nan    nan
3388    -27.7212000    1.6527000    11.5228000    0.0001071    1293.3856201    791.3480835    651.4952393    0.0066458    -0.0014585    -0.0051873    0.0070834    nan    nan
3389    -27.7241000    1.6585000    11.5228000    0.0001066    1257.1717529    758.3193359    614.8459473    0.0065988    -0.0014042    -0.0051946    0.0070461    nan    nan
3390    -27.7279000    1.6637600    11.5228000    0.0001064    1209.2452393    714.8293457    566.4539795    0.0065338    -0.0013329    -0.0052009    0.0069935    nan    nan
3391    -27.6883000    1.6975600    11.5228000    0.0002480    937.0746460    451.1965942    344.6932983    0.0002712    -0.0000971    -0.0001741    0.0002762    nan    nan
4213    -27.7324000    1.6683900    11.1881000    0.0001163    1153.1738281    669.8131714    503.1765137    0.0066324    -0.0012353    -0.0053971    0.0071338    nan    nan
4214    -27.7377000    1.6722600    11.1881000    0.0001164    1086.4238281    609.5418091    436.0202942    0.0062908    -0.0011402    -0.0051505    0.0067767    nan    nan
4215    -27.7434000    1.6752800    11.1881000    0.0001165    1012.2111206    543.0765381    361.3986206    0.0057138    -0.0010357    -0.0046781    0.0061547    nan    nan
4216    -27.7496000    1.6774000    11.1881000    0.0001167    932.1174316    470.6573791    281.5189209    0.0049426    -0.0009174    -0.0040252    0.0053125    nan    nan
4217    -27.7559000    1.6786800    11.1881000    0.0001175    847.1772461    389.6925354    199.9681702    0.0040299    -0.0007671    -0.0032627    0.0043153    nan    nan
4218    -27.7517000    1.7306300    11.1881000    0.0002684    690.2716675    194.7016449    92.2871933    0.0005949    -0.0002120    -0.0003829    0.0006049    nan    nan
4219    -27.7373000    1.7280500    11.1881000    0.0002712    756.2597046    253.6430511    156.5468140    0.0008252    -0.0003071    -0.0005181    0.0008375    nan    nan
4220    -27.7234000    1.7233800    11.1881000    0.0002719    819.6426392    304.2839050    226.1819763    0.0008869    -0.0003562    -0.0005307    0.0008963    nan    nan
4221    -27.7104000    1.7166300    11.1881000    0.0002720    877.0099487    344.1734009    298.9464722    0.0007819    -0.0003470    -0.0004349    0.0007869    nan    nan
4222    -27.6986000    1.7079400    11.1881000    0.0002718    924.0625610    386.9099731    356.8002014    0.0005567    -0.0002556    -0.0003011    0.0005598    nan    nan
4281    -27.7730000    1.6792400    11.1881000    0.0001806    606.7514038    143.9450378    39.0042038    0.0005714    -0.0001689    -0.0004025    0.0005873    nan    nan
4282    -27.7662000    1.7314500    11.1881000    0.0002636    632.8166504    136.4202728    45.3845634    0.0002239    -0.0000823    -0.0001416    0.0002270    nan    nan
4283    -27.7636000    1.6791600    11.1881000    0.0001612    731.9893188    260.8415222    110.9255905    0.0018900    -0.0004439    -0.0014462    0.0019838    nan    nan
4284    -27.7179000    1.6400600    11.1881000    0.0001185    1331.6542969    833.8972168    682.4756470    0.0067767    -0.0015024    -0.0052743    0.0072169    nan    nan
4285    -27.7191000    1.6465100    11.1881000    0.0001172    1319.6916504    822.9928589    669.5710449    0.0068706    -0.0014859    -0.0053847    0.0073264    nan    nan
4286    -27.7212000    1.6527100    11.1881000    0.0001166    1294.6813965    799.3649292    645.3123169    0.0068499    -0.0014439    -0.0054060    0.0073162    nan    nan
4287    -27.7241000    1.6585100    11.1881000    0.0001161    1258.1779785    765.5918579    608.9234619    0.0068140    -0.0013877    -0.0054263    0.0072929    nan    nan
4288    -27.7279000    1.6637700    11.1881000    0.0001158    1210.8168945    722.2023926    561.3059082    0.0067687    -0.0013180    -0.0054507    0.0072632    nan    nan
4289    -27.6883000    1.6975600    11.1881000    0.0002700    956.8381348    460.3022461    370.2287292    0.0002797    -0.0001066    -0.0001731    0.0002838    nan    nan
5111    -27.7325000    1.6684000    10.8237000    0.0001266    1165.5938721    684.5899048    511.5325623    0.0068652    -0.0012341    -0.0056311    0.0073992    nan    nan
5112    -27.7377000    1.6722700    10.8237000    0.0001267    1097.7988281    623.3006592    443.6302490    0.0065189    -0.0011348    -0.0053841    0.0070383    nan    nan
5113    -27.7434000    1.6752900    10.8237000    0.0001268    1022.1527100    555.5509033    367.8734436    0.0059309    -0.0010279    -0.0049031    0.0064046    nan    nan
5114    -27.7496000    1.6774100    10.8237000    0.0001270    940.2612915    481.6256104    286.4342041    0.0051416    -0.0009096    -0.0042321    0.0055420    nan    nan
5115    -27.7560000    1.6786900    10.8237000    0.0001278    853.5305786    399.2647400    203.1384277    0.0042054    -0.0007615    -0.0034439    0.0045168    nan    nan
5116    -27.7517000    1.7306400    10.8237000    0.0002921    696.2113647    206.1686249    94.0415115    0.0006386    -0.0002191    -0.0004195    0.0006510    nan    nan
5117    -27.7373000    1.7280600    10.8237000    0.0002951    763.6627197    266.1053467    159.9915314    0.0008682    -0.0003133    -0.0005549    0.0008829    nan    nan
5118    -27.7234000    1.7233900    10.8237000    0.0002959    828.4679565    317.5261536    231.2006531    0.0009256    -0.0003626    -0.0005630    0.0009368    nan    nan
5119    -27.7104000    1.7166300    10.8237000    0.0002961    887.1842041    357.3691711    305.9158020    0.0008138    -0.0003556    -0.0004582    0.0008195    nan    nan
5120    -27.6986000    1.7079400    10.8237000    0.0002959    935.5310059    394.0852051    371.2954712    0.0005809    -0.0002725    -0.0003084    0.0005839    nan    nan
5179    -27.7730000    1.6792500    10.8237000    0.0001966    610.4337769    152.5471344    38.3602295    0.0006038    -0.0001717    -0.0004321    0.0006225    nan    nan
5180    -27.7662000    1.7314600    10.8237000    0.0002869    637.1493530    147.2314148    44.6964569    0.0002661    -0.0000938    -0.0001723    0.0002705    nan    nan
5181    -27.7636000    1.6791700    10.8237000    0.0001754    736.5925293    269.8247986    112.0468674    0.0019803    -0.0004441    -0.0015362    0.0020857    nan    nan
5182    -27.7180000    1.6400600    10.8237000    0.0001290    1344.8175049    849.4498291    691.2708740    0.0070015    -0.0015102    -0.0054912    0.0074686    nan    nan
5183    -27.7192000    1.6465100    10.8237000    0.0001276    1332.7391357    838.3620605    678.3492432    0.0070974    -0.0014930    -0.0056044    0.0075808    nan    nan
5184    -27.7212000    1.6527100    10.8237000    0.0001269    1307.8402100    814.8438110    654.1131592    0.0070801    -0.0014510    -0.0056291    0.0075747    nan    nan
5185    -27.7241000    1.6585100    10.8237000    0.0001263    1271.5842285    781.3825684    617.8245239    0.0070452    -0.0013947    -0.0056506    0.0075531    nan    nan
5186    -27.7279000    1.6637800    10.8237000    0.0001261    1223.8560791    737.6027222    570.0420532    0.0070013    -0.0013214    -0.0056800    0.0075269    nan    nan
5187    -27.6883000    1.6975700    10.8237000    0.0002939    969.5604248    467.3180847    386.0777588    0.0002978    -0.0001176    -0.0001802    0.0003015    nan    nan
5188    -27.6798000    1.6857500    10.8237000    0.0002946    983.9608765    547.6547852    392.4490356    0.0001036    -0.0000313    -0.0000723    0.0001064    nan    nan
6009    -27.7325000    1.6684000    10.4271000    0.0001378    1171.9539795    693.9341431    514.0043945    0.0070666    -0.0012310    -0.0058356    0.0076299    nan    nan
6010    -27.7377000    1.6722800    10.4271000    0.0001379    1104.1348877    632.2625122    446.3664551    0.0067242    -0.0011318    -0.0055924    0.0072731    nan    nan
6011    -27.7434000    1.6753000    10.4271000    0.0001380    1028.6525879    564.5538330    371.0156555    0.0061352    -0.0010253    -0.0051100    0.0066384    nan    nan
6012    -27.7496000    1.6774200    10.4271000    0.0001382    947.1550293    491.2074280    290.0657959    0.0053397    -0.0009080    -0.0044318    0.0057688    nan    nan
6013    -27.7560000    1.6787000    10.4271000    0.0001392    860.9171753    409.7737427    207.1204529    0.0043905    -0.0007615    -0.0036290    0.0047279    nan    nan
6014    -27.7517000    1.7306500    10.4271000    0.0003179    703.5313110    218.2159729    97.5272522    0.0006947    -0.0002302    -0.0004644    0.0007100    nan    nan
6015    -27.7373000    1.7280700    10.4271000    0.0003212    771.9843140    278.6560364    164.6758270    0.0009244    -0.0003245    -0.0006000    0.0009420    nan    nan
6016    -27.7234000    1.7233900    10.4271000    0.0003221    837.8091431    330.6677551    236.9260254    0.0009778    -0.0003742    -0.0006036    0.0009910    nan    nan
6017    -27.7104000    1.7166400    10.4271000    0.0003223    897.6370239    370.9791260    312.7981873    0.0008580    -0.0003683    -0.0004896    0.0008646    nan    nan
6018    -27.6986000    1.7079500    10.4271000    0.0003220    947.2238770    402.8780518    384.5342407    0.0006137    -0.0002916    -0.0003221    0.0006167    nan    nan
6077    -27.7730000    1.6792700    10.4271000    0.0002140    617.1311646    163.4194031    40.7326775    0.0006423    -0.0001759    -0.0004665    0.0006643    nan    nan
6078    -27.7663000    1.7314700    10.4271000    0.0003122    642.7847900    158.8798676    45.6164207    0.0003209    -0.0001085    -0.0002123    0.0003272    nan    nan
6079    -27.7636000    1.6791900    10.4271000    0.0001909    744.4271240    282.0177307    115.9435043    0.0020874    -0.0004504    -0.0016370    0.0022052    nan    nan
6080    -27.7180000    1.6400600    10.4271000    0.0001404    1351.8341065    860.4121704    693.7866821    0.0071755    -0.0015075    -0.0056680    0.0076657    nan    nan
6081    -27.7192000    1.6465100    10.4271000    0.0001389    1339.7369385    849.2414551    680.9299927    0.0072747    -0.0014899    -0.0057848    0.0077819    nan    nan
6082    -27.7212000    1.6527100    10.4271000    0.0001381    1314.8203125    825.6752930    656.6000977    0.0072592    -0.0014482    -0.0058110    0.0077782    nan    nan
6083    -27.7242000    1.6585100    10.4271000    0.0001375    1278.2153320    791.6380005    620.1928711    0.0072305    -0.0013908    -0.0058397    0.0077645    nan    nan
6084    -27.7279000    1.6637800    10.4271000    0.0001372    1230.3872070    747.4841919    572.4346924    0.0071955    -0.0013180    -0.0058776    0.0077489    nan    nan
6085    -27.6883000    1.6975700    10.4271000    0.0003199    982.4045410    474.2222290    402.1989136    0.0003180    -0.0001297    -0.0001883    0.0003214    nan    nan
6086    -27.6798000    1.6857500    10.4271000    0.0003206    997.7021484    554.9323120    408.1469727    0.0001103    -0.0000349    -0.0000754    0.0001129    nan    nan
6907    -27.7325000    1.6684100    9.9954500    0.0001500    1178.9234619    702.9580688    517.9154663    0.0072511    -0.0012306    -0.0060206    0.0078409    nan    nan
6908    -27.7377000    1.6722800    9.9954500    0.0001501    1110.8615723    640.9799194    450.2019043    0.0069069    -0.0011291    -0.0057778    0.0074824    nan    nan
6909    -27.7435000    1.6753100    9.9954500    0.0001502    1034.9899902    572.9265747    374.6317444    0.0063123    -0.0010213    -0.0052910    0.0068420    nan    nan
6910    -27.7496000    1.6774300    9.9954500    0.0001505    952.9346313    499.2052002    293.2273865    0.0055079    -0.0009042    -0.0046037    0.0059623    nan    nan
6911    -27.7560000    1.6787100    9.9954600    0.0001515    866.1229858    417.5074463    209.6641846    0.0045456    -0.0007594    -0.0037862    0.0049057    nan    nan
6912    -27.7518000    1.7306600    9.9954600    0.0003460    708.9736938    227.9270935    99.7305527    0.0007407    -0.0002388    -0.0005020    0.0007588    nan    nan
6913    -27.7373000    1.7280800    9.9954500    0.0003497    778.4878540    289.0274658    168.0962982    0.0009701    -0.0003322    -0.0006379    0.0009902    nan    nan
6914    -27.7234000    1.7234000    9.9954500    0.0003506    845.2602539    341.6419373    241.2768860    0.0010202    -0.0003822    -0.0006380    0.0010353    nan    nan
6915    -27.7104000    1.7166400    9.9954500    0.0003508    905.9856567    382.3367004    317.9972229    0.0008945    -0.0003776    -0.0005169    0.0009021    nan    nan
6916    -27.6986000    1.7079500    9.9954500    0.0003505    956.4717407    411.2844238    393.6416626    0.0006422    -0.0003061    -0.0003361    0.0006454    nan    nan
6975    -27.7730000    1.6792800    9.9954600    0.0002329    621.4475708    170.9589386    41.3737755    0.0006732    -0.0001785    -0.0004948    0.0006980    nan    nan
6976    -27.7663000    1.7314900    9.9954600    0.0003398    646.7567139    167.9248199    45.7608948    0.0003670    -0.0001197    -0.0002473    0.0003753    nan    nan
6977    -27.7636000    1.6792000    9.9954600    0.0002078    749.0534668    290.1561584    117.5834122    0.0021741    -0.0004536    -0.0017204    0.0023026    nan    nan
6978    -27.7180000    1.6400600    9.9954500    0.0001528    1358.7322998    869.6349487    697.3770142    0.0073434    -0.0015117    -0.0058317    0.0078541    nan    nan
6979    -27.7192000    1.6465100    9.9954500    0.0001512    1346.5726318    858.3492432    684.5203857    0.0074457    -0.0014937    -0.0059520    0.0079741    nan    nan
6980    -27.7212000    1.6527100    9.9954500    0.0001503    1321.7684326    834.9114990    660.1937866    0.0074320    -0.0014523    -0.0059797    0.0079727    nan    nan
6981    -27.7242000    1.6585200    9.9954500    0.0001497    1285.2803955    800.9266357    623.9277954    0.0074077    -0.0013944    -0.0060133    0.0079646    nan    nan
6982    -27.7279000    1.6637900    9.9954500    0.0001493    1237.4274902    756.6647949    576.2520752    0.0073777    -0.0013198    -0.0060579    0.0079558    nan    nan
6983    -27.6883000    1.6975700    9.9954400    0.0003482    992.5144653    479.6819458    414.8748779    0.0003388    -0.0001418    -0.0001970    0.0003420    nan    nan
6984    -27.6798000    1.6857500    9.9954400    0.0003490    1008.8049927    560.8799438    420.5980835    0.0001226    -0.0000402    -0.0000823    0.0001251    nan    nan
7805    -27.7325000    1.6684200    9.5256200    0.0001633    1184.4139404    710.4622192    520.6407471    0.0074172    -0.0012303    -0.0061869    0.0080307    nan    nan
7806    -27.7377000    1.6722900    9.5256200    0.0001633    1116.1669922    648.0936279    452.9306946    0.0070729    -0.0011282    -0.0059446    0.0076722    nan    nan
7807    -27.7435000    1.6753200    9.5256200    0.0001635    1040.1555176    579.8167725    377.3972168    0.0064745    -0.0010201    -0.0054544    0.0070277    nan    nan
7808    -27.7496000    1.6774400    9.5256200    0.0001638    958.0460205    506.1507874    296.0251770    0.0056649    -0.0009032    -0.0047617    0.0061423    nan    nan
7809    -27.7560000    1.6787200    9.5256200    0.0001649    871.2489014    424.7400818    212.4120636    0.0046931    -0.0007593    -0.0039338    0.0050743    nan    nan
7810    -27.7518000    1.7306700    9.5256200    0.0003766    714.0483398    236.6954346    101.9862671    0.0007858    -0.0002474    -0.0005384    0.0008065    nan    nan
7811    -27.7373000    1.7280800    9.5256200    0.0003806    784.3493652    298.1147156    171.3300629    0.0010146    -0.0003403    -0.0006744    0.0010372    nan    nan
7812    -27.7235000    1.7234100    9.5256200    0.0003816    851.8942261    351.2055054    245.2531891    0.0010622    -0.0003906    -0.0006716    0.0010792    nan    nan
7813    -27.7104000    1.7166500    9.5256100    0.0003818    913.4927368    392.4856873    322.6941223    0.0009313    -0.0003872    -0.0005441    0.0009399    nan    nan
7814    -27.6986000    1.7079600    9.5256100    0.0003815    964.9459839    420.2779846    400.7433777    0.0006711    -0.0003188    -0.0003523    0.0006744    nan    nan
7873    -27.7730000    1.6792900    9.5256200    0.0002535    626.1249390    178.3584290    42.6845245    0.0007042    -0.0001812    -0.0005229    0.0007318    nan    nan
7874    -27.7663000    1.7315000    9.5256200    0.0003699    650.5684204    176.2378845    46.2268181    0.0004126    -0.0001302    -0.0002824    0.0004230    nan    nan
7875    -27.7636000    1.6792100    9.5256200    0.0002262    754.2557983    298.4581909    120.0134430    0.0022614    -0.0004583    -0.0018031    0.0024004    nan    nan
7876    -27.7180000    1.6400600    9.5256100    0.0001663    1364.7200928    878.1498413    700.3046875    0.0074914    -0.0015128    -0.0059786    0.0080212    nan    nan
7877    -27.7192000    1.6465100    9.5256100    0.0001646    1352.5457764    866.8049927    687.4830322    0.0075972    -0.0014946    -0.0061026    0.0081454    nan    nan
7878    -27.7212000    1.6527200    9.5256100    0.0001636    1327.8118897    843.4846191    663.0952759    0.0075847    -0.0014538    -0.0061308    0.0081452    nan    nan
7879    -27.7242000    1.6585200    9.5256100    0.0001629    1291.1674805    809.2231445    626.7699585    0.0075654    -0.0013952    -0.0061701    0.0081435    nan    nan
7880    -27.7279000    1.6637900    9.5256100    0.0001626    1243.1744385    764.6560059    579.0431519    0.0075409    -0.0013203    -0.0062206    0.0081416    nan    nan
7881    -27.6883000    1.6975800    9.5256100    0.0003790    1001.9777222    484.8936462    426.7339172    0.0003597    -0.0001539    -0.0002058    0.0003628    nan    nan
7882    -27.6798000    1.6857500    9.5256100    0.0003799    1019.2321167    566.4315796    432.1236572    0.0001325    -0.0000449    -0.0000876    0.0001349    nan    nan
8703    -27.7325000    1.6684200    9.0142400    0.0001777    1189.4952393    717.2135010    523.3482666    0.0075698    -0.0012304    -0.0063393    0.0082051    nan    nan
8704    -27.7377000    1.6723000    9.0142400    0.0001778    1121.1595459    654.6643066    455.6760864    0.0072241    -0.0011271    -0.0060970    0.0078455    nan    nan
8705    -27.7435000    1.6753200    9.0142400    0.0001779    1044.9876709    586.2051392    380.1147766    0.0066214    -0.0010182    -0.0056032    0.0071963    nan    nan
8706    -27.7496000    1.6774500    9.0142400    0.0001783    962.6187134    512.3870850    298.5558777    0.0058064    -0.0009014    -0.0049050    0.0063049    nan    nan
8707    -27.7560000    1.6787300    9.0142400    0.0001794    875.5660400    430.9309387    214.6386566    0.0048264    -0.0007586    -0.0040679    0.0052269    nan    nan
8708    -27.7518000    1.7306700    9.0142400    0.0004099    718.4920654    244.4227753    103.9717102    0.0008271    -0.0002549    -0.0005722    0.0008503    nan    nan
8709    -27.7374000    1.7280900    9.0142400    0.0004142    789.6028442    306.3061218    174.2562866    0.0010551    -0.0003471    -0.0007080    0.0010801    nan    nan
8710    -27.7235000    1.7234100    9.0142400    0.0004153    857.8679810    359.9018250    248.8299255    0.0011007    -0.0003979    -0.0007029    0.0011196    nan    nan
8711    -27.7104000    1.7166500    9.0142400    0.0004156    920.1894531    401.6674194    326.8262634    0.0009653    -0.0003956    -0.0005697    0.0009749    nan    nan
8712    -27.6986000    1.7079600    9.0142400    0.0004153    972.3884888    428.9858093    406.2084961    0.0006982    -0.0003294    -0.0003688    0.0007018    nan    nan
8771    -27.7730000    1.6793000    9.0142400    0.0002759    630.0998535    184.4949799    43.5627174    0.0007320    -0.0001835    -0.0005486    0.0007623    nan    nan
8772    -27.7663000    1.7315000    9.0142400    0.0004026    653.7958374    183.3798981    46.5872536    0.0004546    -0.0001393    -0.0003153    0.0004672    nan    nan
8773    -27.7636000    1.6792200    9.0142400    0.0002462    758.3629761    305.2691956    121.7238083    0.0023406    -0.0004621    -0.0018785    0.0024893    nan    nan
8774    -27.7180000    1.6400600    9.0142300    0.0001810    1369.7604981    885.1567383    702.7985840    0.0076285    -0.0015156    -0.0061129    0.0081754    nan    nan
8775    -27.7192000    1.6465100    9.0142400    0.0001791    1357.5550537    873.7398071    689.9848022    0.0077374    -0.0014970    -0.0062404    0.0083034    nan    nan
8776    -27.7212000    1.6527200    9.0142400    0.0001781    1332.9003906    850.5385132    665.5651245    0.0077260    -0.0014568    -0.0062692    0.0083046    nan    nan
8777    -27.7242000    1.6585200    9.0142400    0.0001773    1296.2708740    816.2123413    629.2970581    0.0077114    -0.0013977    -0.0063137    0.0083087    nan    nan
8778    -27.7279000    1.6637900    9.0142400    0.0001769    1248.2830810    771.5553589    581.6453247    0.0076915    -0.0013218    -0.0063697    0.0083129    nan    nan
8779    -27.6884000    1.6975800    9.0142300    0.0004125    1010.1637573    489.3853760    436.9989929    0.0003803    -0.0001658    -0.0002144    0.0003833    nan    nan
8780    -27.6798000    1.6857600    9.0142300    0.0004135    1028.2725830    571.2117920    442.0072021    0.0001435    -0.0000500    -0.0000935    0.0001458    nan    nan
9601    -27.7325000    1.6684200    8.4576400    0.0001934    1193.9033203    723.1405029    525.6397705    0.0077093    -0.0012308    -0.0064784    0.0083646    nan    nan
9602    -27.7377000    1.6723000    8.4576400    0.0001935    1125.4176025    660.3113403    457.9457092    0.0073626    -0.0011268    -0.0062358    0.0080040    nan    nan
9603    -27.7435000    1.6753300    8.4576500    0.0001936    1049.1036377    591.6502075    382.3736267    0.0067560    -0.0010173    -0.0057387    0.0073506    nan    nan
9604    -27.7496000    1.6774600    8.4576500    0.0001940    966.6200562    517.7873535    300.7769165    0.0059361    -0.0009005    -0.0050356    0.0064537    nan    nan
9605    -27.7560000    1.6787400    8.4576500    0.0001953    879.4882812    436.4570312    216.7343597    0.0049485    -0.0007584    -0.0041901    0.0053667    nan    nan
9606    -27.7518000    1.7306800    8.4576500    0.0004462    722.4624023    251.2614441    105.7928390    0.0008656    -0.0002615    -0.0006041    0.0008913    nan    nan
9607    -27.7374000    1.7280900    8.4576500    0.0004509    794.2153320    313.4718323    176.8224945    0.0010935    -0.0003535    -0.0007400    0.0011208    nan    nan
9608    -27.7235000    1.7234200    8.4576400    0.0004520    863.0765381    367.4987183    251.9113617    0.0011376    -0.0004049    -0.0007328    0.0011583    nan    nan
9609    -27.7104000    1.7166600    8.4576400    0.0004523    926.0661621    409.7432251    330.4400330    0.0009972    -0.0004034    -0.0005938    0.0010078    nan    nan
9610    -27.6986000    1.7079600    8.4576400    0.0004520    979.0496216    437.1455994    410.7595215    0.0007240    -0.0003387    -0.0003853    0.0007278    nan    nan
9669    -27.7730000    1.6793100    8.4576500    0.0003003    634.0770264    190.1918335    44.4381180    0.0007585    -0.0001855    -0.0005731    0.0007914    nan    nan
9670    -27.7663000    1.7315100    8.4576500    0.0004382    656.7935181    189.8310852    47.0900764    0.0004935    -0.0001472    -0.0003464    0.0005083    nan    nan
9671    -27.7636000    1.6792300    8.4576500    0.0002680    762.2573242    311.5727844    123.4692993    0.0024170    -0.0004659    -0.0019511    0.0025750    nan    nan
9672    -27.7180000    1.6400600    8.4576400    0.0001971    1374.4188232    891.6697388    705.1770020    0.0077540    -0.0015174    -0.0062366    0.0083169    nan    nan
9673    -27.7192000    1.6465100    8.4576400    0.0001949    1362.2130127    880.2488403    692.3541260    0.0078647    -0.0014988    -0.0063659    0.0084471    nan    nan
9674    -27.7212000    1.6527200    8.4576400    0.0001939    1337.6340332    857.1491089    667.9340210    0.0078545    -0.0014590    -0.0063955    0.0084495    nan    nan
9675    -27.7242000    1.6585300    8.4576400    0.0001930    1300.9508057    822.6873779    631.6628418    0.0078445    -0.0013994    -0.0064451    0.0084595    nan    nan
9676    -27.7279000    1.6638000    8.4576400    0.0001926    1252.8659668    777.8190308    583.9768677    0.0078293    -0.0013230    -0.0065062    0.0084696    nan    nan
9677    -27.6884000    1.6975800    8.4576400    0.0004490    1017.6140747    493.5321960    446.3454590    0.0003998    -0.0001773    -0.0002225    0.0004028    nan    nan
9678    -27.6798000    1.6857600    8.4576400    0.0004500    1036.5701904    575.6006470    451.0149536    0.0001535    -0.0000548    -0.0000987    0.0001557    nan    nan
10499    -27.7325000    1.6684300    7.8518400    0.0002105    1197.8625488    728.4280396    527.7324829    0.0078379    -0.0012312    -0.0066067    0.0085116    nan    nan
10500    -27.7377000    1.6723100    7.8518400    0.0002106    1129.3400879    665.4992676    460.0649719    0.0074909    -0.0011265    -0.0063643    0.0081508    nan    nan
10501    -27.7435000    1.6753400    7.8518400    0.0002108    1052.9128418    596.6829834    384.4937439    0.0068810    -0.0010165    -0.0058645    0.0074939    nan    nan
10502    -27.7496000    1.6774700    7.8518400    0.0002112    970.2486572    522.6836548    302.8200989    0.0060550    -0.0008995    -0.0051556    0.0065904    nan    nan
10503    -27.7560000    1.6787500    7.8518400    0.0002126    882.9431152    441.3748474    218.5765076    0.0050583    -0.0007582    -0.0043001    0.0054928    nan    nan
10504    -27.7518000    1.7306900    7.8518400    0.0004857    726.0565796    257.3617554    107.5220337    0.0009005    -0.0002673    -0.0006332    0.0009285    nan    nan
10505    -27.7374000    1.7281000    7.8518400    0.0004907    798.5484009    320.0780945    179.3410187    0.0011292    -0.0003593    -0.0007699    0.0011588    nan    nan
10506    -27.7235000    1.7234200    7.8518400    0.0004920    867.8610840    374.5910034    254.6125488    0.0011756    -0.0004121    -0.0007635    0.0011982    nan    nan
10507    -27.7104000    1.7166600    7.8518400    0.0004923    931.1921997    416.8599548    333.6035767    0.0010251    -0.0004098    -0.0006153    0.0010366    nan    nan
10508    -27.6986000    1.7079600    7.8518400    0.0004920    984.9746094    444.5988770    414.6493530    0.0007474    -0.0003467    -0.0004006    0.0007515    nan    nan
10567    -27.7730000    1.6793200    7.8518400    0.0003269    637.6355591    195.1270752    45.0763550    0.0007838    -0.0001873    -0.0005965    0.0008192    nan    nan
10568    -27.7663000    1.7315200    7.8518400    0.0004769    659.5002441    195.4912262    47.6736526    0.0005285    -0.0001539    -0.0003746    0.0005454    nan    nan
10569    -27.7636000    1.6792400    7.8518400    0.0002917    765.5498047    316.9821167    124.8823395    0.0024875    -0.0004692    -0.0020183    0.0026542    nan    nan
10570    -27.7180000    1.6400600    7.8518400    0.0002145    1378.3830566    897.2314453    707.1600952    0.0078690    -0.0015195    -0.0063495    0.0084465    nan    nan
10571    -27.7192000    1.6465200    7.8518400    0.0002122    1366.2531738    885.9169922    694.3535767    0.0079802    -0.0015014    -0.0064789    0.0085773    nan    nan
10572    -27.7212000    1.6527200    7.8518400    0.0002110    1341.6418457    862.7667236    669.8938599    0.0079714    -0.0014614    -0.0065099    0.0085815    nan    nan
10573    -27.7242000    1.6585300    7.8518400    0.0002100    1304.9448242    828.1991577    633.6563110    0.0079658    -0.0014013    -0.0065645    0.0085969    nan    nan
10574    -27.7279000    1.6638000    7.8518400    0.0002096    1256.8569336    783.2476807    586.0089722    0.0079552    -0.0013244    -0.0066308    0.0086128    nan    nan
10575    -27.6884000    1.6975800    7.8518300    0.0004887    1024.1777344    497.2197266    454.5744629    0.0004180    -0.0001881    -0.0002300    0.0004209    nan    nan
10576    -27.6798000    1.6857600    7.8518300    0.0004898    1043.8554688    579.4533691    458.8849487    0.0001631    -0.0000594    -0.0001037    0.0001653    nan    nan
11397    -27.7325000    1.6684300    7.1924700    0.0002291    1201.3724365    733.1369629    529.5661621    0.0079558    -0.0012318    -0.0067240    0.0086463    nan    nan
11398    -27.7377000    1.6723100    7.1924700    0.0002292    1132.7956543    670.0974731    461.8769836    0.0076096    -0.0011269    -0.0064826    0.0082865    nan    nan
11399    -27.7435000    1.6753400    7.1924700    0.0002294    1056.2550049    601.1140747    386.2971191    0.0069970    -0.0010163    -0.0059807    0.0076267    nan    nan
11400    -27.7496000    1.6774700    7.1924700    0.0002299    973.4494629    526.9909668    304.6036987    0.0061648    -0.0008990    -0.0052658    0.0067165    nan    nan
11401    -27.7560000    1.6787600    7.1924700    0.0002314    886.0416260    445.7286072    220.2632141    0.0051577    -0.0007581    -0.0043996    0.0056069    nan    nan
11402    -27.7518000    1.7306900    7.1924700    0.0005286    729.2724609    262.7583618    109.1251602    0.0009319    -0.0002722    -0.0006596    0.0009622    nan    nan
11403    -27.7374000    1.7281100    7.1924700    0.0005341    802.4898071    325.9725952    181.7167664    0.0011619    -0.0003646    -0.0007973    0.0011936    nan    nan
11404    -27.7235000    1.7234200    7.1924700    0.0005355    872.1493530    381.0144959    256.9287415    0.0012140    -0.0004195    -0.0007945    0.0012386    nan    nan
11405    -27.7104000    1.7166600    7.1924700    0.0005359    935.6047974    423.0107422    336.3504334    0.0010494    -0.0004152    -0.0006341    0.0010619    nan    nan
11406    -27.6986000    1.7079700    7.1924700    0.0005355    990.2577515    451.3147888    418.0862732    0.0007686    -0.0003538    -0.0004148    0.0007730    nan    nan
11465    -27.7730000    1.6793300    7.1924700    0.0003558    640.8958740    199.6243286    45.7356606    0.0008076    -0.0001890    -0.0006186    0.0008454    nan    nan
11466    -27.7663000    1.7315300    7.1924700    0.0005191    661.9947510    200.5778046    48.3329239    0.0005601    -0.0001597    -0.0004004    0.0005789    nan    nan
11467    -27.7636000    1.6792500    7.1924700    0.0003175    768.5731201    321.8788452    126.2318420    0.0025520    -0.0004721    -0.0020799    0.0027267    nan    nan
11468    -27.7180000    1.6400600    7.1924700    0.0002334    1382.0518799    902.3737793    709.0504150    0.0079725    -0.0015216    -0.0064509    0.0085634    nan    nan
11469    -27.7192000    1.6465200    7.1924700    0.0002309    1369.9066162    891.0460815    696.2191772    0.0080852    -0.0015034    -0.0065818    0.0086959    nan    nan
11470    -27.7212000    1.6527200    7.1924700    0.0002297    1345.3789062    868.0061035    671.7752686    0.0080775    -0.0014639    -0.0066136    0.0087013    nan    nan
11471    -27.7242000    1.6585300    7.1924700    0.0002286    1308.6173096    833.2773438    635.5260620    0.0080760    -0.0014031    -0.0066729    0.0087217    nan    nan
11472    -27.7279000    1.6638000    7.1924700    0.0002281    1260.4727783    788.1737671    587.8686523    0.0080698    -0.0013256    -0.0067441    0.0087431    nan    nan
11473    -27.6884000    1.6975800    7.1924700    0.0005319    1030.1066894    500.6037292    462.0010986    0.0004350    -0.0001982    -0.0002368    0.0004378    nan    nan
11474    -27.6798000    1.6857600    7.1924700    0.0005332    1050.4987793    582.9862671    466.0247192    0.0001721    -0.0000639    -0.0001082    0.0001742    nan    nan
12295    -27.7325000    1.6684400    6.4748000    0.0002494    1204.5059815    737.3237305    531.2246704    0.0080628    -0.0012324    -0.0068304    0.0087685    nan    nan
12296    -27.7377000    1.6723100    6.4748000    0.0002495    1135.9179688    674.2397461    463.5361023    0.0077182    -0.0011273    -0.0065910    0.0084108    nan    nan
12297    -27.7435000    1.6753500    6.4748000    0.0002497    1059.3095703    605.1625977    387.9486084    0.0071041    -0.0010163    -0.0060878    0.0077493    nan    nan
12298    -27.7496000    1.6774800    6.4748100    0.0002502    976.3537598    530.8957520    306.2201233    0.0062664    -0.0008986    -0.0053678    0.0068331    nan    nan
12299    -27.7560000    1.6787600    6.4748100    0.0002518    888.8115234    449.6215210    221.7621307    0.0052494    -0.0007581    -0.0044913    0.0057122    nan    nan
12300    -27.7518000    1.7307000    6.4748100    0.0005753    732.2419434    267.6221619    110.6895218    0.0009607    -0.0002767    -0.0006840    0.0009930    nan    nan
12301    -27.7374000    1.7281100    6.4748000    0.0005814    806.0485229    331.3647156    183.7732849    0.0011947    -0.0003699    -0.0008248    0.0012285    nan    nan
12302    -27.7235000    1.7234300    6.4748000    0.0005829    875.8732910    386.6300964    258.9638367    0.0012475    -0.0004256    -0.0008219    0.0012739    nan    nan
12303    -27.7104000    1.7166600    6.4748000    0.0005833    939.5825195    428.5299072    338.8689880    0.0010712    -0.0004200    -0.0006512    0.0010845    nan    nan
12304    -27.6986000    1.7079700    6.4748000    0.0005828    994.9704590    457.3476562    421.1325684    0.0007878    -0.0003600    -0.0004279    0.0007925    nan    nan
12363    -27.7730000    1.6793400    6.4748100    0.0003872    643.7899780    203.5309296    46.2966385    0.0008292    -0.0001905    -0.0006386    0.0008692    nan    nan
12364    -27.7663000    1.7315300    6.4748100    0.0005650    664.2141113    205.0353088    48.9726334    0.0005885    -0.0001646    -0.0004238    0.0006092    nan    nan
12365    -27.7636000    1.6792500    6.4748100    0.0003455    771.2252197    326.1562195    127.4187088    0.0026106    -0.0004747    -0.0021359    0.0027926    nan    nan
12366    -27.7180000    1.6400600    6.4748000    0.0002541    1385.1951904    906.8031616    710.6430054    0.0080666    -0.0015235    -0.0065432    0.0086696    nan    nan
12367    -27.7192000    1.6465200    6.4748000    0.0002514    1373.0957031    895.5664062    697.7974243    0.0081798    -0.0015057    -0.0066741    0.0088026    nan    nan
12368    -27.7212000    1.6527200    6.4748000    0.0002500    1348.5745850    872.5095215    673.3547363    0.0081732    -0.0014661    -0.0067071    0.0088095    nan    nan
12369    -27.7242000    1.6585300    6.4748000    0.0002488    1311.8212891    837.7216797    637.1430664    0.0081761    -0.0014050    -0.0067711    0.0088351    nan    nan
12370    -27.7279000    1.6638100    6.4748000    0.0002483    1263.6462402    792.4869385    589.5075684    0.0081734    -0.0013269    -0.0068466    0.0088610    nan    nan
12371    -27.6884000    1.6975900    6.4748000    0.0005789    1035.3568115    503.6256714    468.5712891    0.0004505    -0.0002075    -0.0002430    0.0004534    nan    nan
12372    -27.6798000    1.6857600    6.4748000    0.0005803    1056.3636475    586.1060181    472.3010559    0.0001805    -0.0000681    -0.0001125    0.0001825    nan    nan
13193    -27.7325000    1.6684400    5.6936900    0.0002715    1207.2432861    740.9829102    532.6729736    0.0081582    -0.0012330    -0.0069251    0.0088775    nan    nan
13194    -27.7377000    1.6723200    5.6936900    0.0002715    1138.6239014    677.8363037    464.9582520    0.0078162    -0.0011277    -0.0066885    0.0085227    nan    nan
13195    -27.7435000    1.6753500    5.6936900    0.0002718    1061.9803467    608.7144165    389.3559875    0.0072020    -0.0010167    -0.0061853    0.0078614    nan    nan
13196    -27.7496000    1.6774800    5.6936900    0.0002723    978.9136963    534.3397827    307.6119995    0.0063600    -0.0008986    -0.0054614    0.0069405    nan    nan
13197    -27.7560000    1.6787700    5.6936900    0.0002741    891.2723999    453.0867920    223.0766144    0.0053340    -0.0007585    -0.0045755    0.0058094    nan    nan
13198    -27.7518000    1.7307000    5.6936900    0.0006262    734.9741211    271.9643860    112.2161713    0.0009866    -0.0002806    -0.0007060    0.0010208    nan    nan
13199    -27.7374000    1.7281100    5.6936900    0.0006328    809.1737061    336.1944580    185.4529724    0.0012279    -0.0003754    -0.0008525    0.0012638    nan    nan
13200    -27.7235000    1.7234300    5.6936900    0.0006344    878.9553833    391.3275146    260.6540833    0.0012756    -0.0004306    -0.0008451    0.0013036    nan    nan
13201    -27.7104000    1.7166700    5.6936900    0.0006348    943.0137329    433.2776489    341.0725403    0.0010899    -0.0004240    -0.0006659    0.0011040    nan    nan
13202    -27.6986000    1.7079700    5.6936900    0.0006343    999.0716553    462.6190491    423.7862549    0.0008047    -0.0003652    -0.0004394    0.0008096    nan    nan
13260    -27.7809000    1.7316500    5.6936900    0.0006309    603.9720459    148.8539124    5.9615908    0.0001159    -0.0000347    -0.0000813    0.0001193    nan    nan
13261    -27.7730000    1.6793500    5.6936900    0.0004214    646.3751221    206.9888458    46.8264160    0.0008484    -0.0001917    -0.0006567    0.0008905    nan    nan
13262    -27.7663000    1.7315400    5.6936900    0.0006150    666.2097168    208.9570770    49.6217155    0.0006134    -0.0001688    -0.0004446    0.0006359    nan    nan
13263    -27.7636000    1.6792600    5.6936900    0.0003761    773.5800171    329.9235840    128.5011444    0.0026630    -0.0004770    -0.0021860    0.0028516    nan    nan
13264    -27.7180000    1.6400600    5.6936900    0.0002766    1388.0096435    910.7539673    712.0998535    0.0081516    -0.0015252    -0.0066264    0.0087656    nan    nan
13265    -27.7192000    1.6465200    5.6936900    0.0002736    1376.0211182    899.7263794    699.2498779    0.0082638    -0.0015083    -0.0067555    0.0088974    nan    nan
13266    -27.7212000    1.6527300    5.6936900    0.0002721    1351.4458008    876.5280762    674.8222046    0.0082587    -0.0014680    -0.0067906    0.0089061    nan    nan
13267    -27.7242000    1.6585300    5.6936900    0.0002708    1314.6639404    841.6654663    638.5956421    0.0082652    -0.0014067    -0.0068586    0.0089362    nan    nan
13268    -27.7279000    1.6638100    5.6936900    0.0002703    1266.4432373    796.2902222    590.9614258    0.0082657    -0.0013280    -0.0069377    0.0089659    nan    nan
13269    -27.6884000    1.6975900    5.6936900    0.0006301    1039.9611816    506.3081665    474.3323975    0.0004644    -0.0002159    -0.0002485    0.0004672    nan    nan
13270    -27.6798000    1.6857600    5.6936900    0.0006316    1061.5272217    588.8745728    477.8171082    0.0001880    -0.0000719    -0.0001162    0.0001899    nan    nan
14091    -27.7325000    1.6684400    4.8435200    0.0002955    1209.6264648    744.1602783    533.9451904    0.0082419    -0.0012336    -0.0070083    0.0089732    nan    nan
14092    -27.7377000    1.6723200    4.8435200    0.0002955    1140.9996338    680.9849243    466.2203979    0.0079027    -0.0011282    -0.0067745    0.0086216    nan    nan
14093    -27.7435000    1.6753500    4.8435200    0.0002958    1064.3315430    611.8366089    390.6019287    0.0072888    -0.0010171    -0.0062717    0.0079606    nan    nan
14094    -27.7496000    1.6774900    4.8435200    0.0002964    981.1603394    537.3566284    308.8354797    0.0064430    -0.0008988    -0.0055442    0.0070356    nan    nan
14095    -27.7560000    1.6787700    4.8435200    0.0002983    893.4121094    456.0883179    224.2222290    0.0054089    -0.0007588    -0.0046500    0.0058954    nan    nan
14096    -27.7518000    1.7307100    4.8435200    0.0006816    737.3807373    275.7586060    113.5857162    0.0010096    -0.0002841    -0.0007255    0.0010455    nan    nan
14097    -27.7373000    1.7281200    4.8435200    0.0006887    811.9098511    340.4259644    186.9180908    0.0012579    -0.0003803    -0.0008777    0.0012959    nan    nan
14098    -27.7235000    1.7234300    4.8435200    0.0006905    881.6542358    395.4253845    262.1550598    0.0013004    -0.0004348    -0.0008656    0.0013299    nan    nan
14099    -27.7104000    1.7166700    4.8435200    0.0006910    946.0288086    437.4314880    343.0280151    0.0011065    -0.0004275    -0.0006790    0.0011213    nan    nan
14100    -27.6986000    1.7079700    4.8435200    0.0006904    1002.6553345    467.2340393    426.1035156    0.0008197    -0.0003699    -0.0004498    0.0008249    nan    nan
14158    -27.7809000    1.7316500    4.8435200    0.0006867    604.9645386    151.6769867    5.3820214    0.0001309    -0.0000384    -0.0000925    0.0001349    nan    nan
14159    -27.7730000    1.6793500    4.8435200    0.0004587    648.6243896    209.9412994    47.2820740    0.0008654    -0.0001928    -0.0006726    0.0009093    nan    nan
14160    -27.7663000    1.7315500    4.8435200    0.0006693    667.9374390    212.3222504    50.2053261    0.0006354    -0.0001724    -0.0004630    0.0006594    nan    nan
14161    -27.7636000    1.6792700    4.8435200    0.0004093    775.6126709    333.1569824    129.4427185    0.0027090    -0.0004789    -0.0022301    0.0029034    nan    nan
14162    -27.7180000    1.6400600    4.8435200    0.0003010    1390.4421387    914.1889038    713.3502197    0.0082259    -0.0015270    -0.0066989    0.0088497    nan    nan
14163    -27.7192000    1.6465200    4.8435200    0.0002978    1378.4826660    903.2513428    700.4598999    0.0083375    -0.0015105    -0.0068270    0.0089806    nan    nan
14164    -27.7212000    1.6527300    4.8435200    0.0002961    1353.8824463    879.9566650    676.0481567    0.0083334    -0.0014698    -0.0068636    0.0089905    nan    nan
14165    -27.7242000    1.6585400    4.8435200    0.0002948    1317.1032715    845.0495605    639.8426514    0.0083435    -0.0014082    -0.0069352    0.0090249    nan    nan
14166    -27.7279000    1.6638100    4.8435200    0.0002942    1268.8646240    799.5828247    592.2233276    0.0083470    -0.0013291    -0.0070178    0.0090583    nan    nan
14167    -27.6884000    1.6975900    4.8435200    0.0006858    1043.9748535    508.6553345    479.3493958    0.0004769    -0.0002235    -0.0002534    0.0004797    nan    nan
14168    -27.6798000    1.6857600    4.8435200    0.0006875    1066.0306397    591.2866821    482.6003723    0.0001948    -0.0000753    -0.0001195    0.0001967    nan    nan
14989    -27.7325000    1.6684400    3.9181800    0.0003216    1211.6315918    746.8299561    535.0192871    0.0083133    -0.0012342    -0.0070791    0.0090547    nan    nan
14990    -27.7377000    1.6723200    3.9181800    0.0003217    1142.9871826    683.6194458    467.2742615    0.0079763    -0.0011287    -0.0068477    0.0087058    nan    nan
14991    -27.7435000    1.6753600    3.9181800    0.0003219    1066.2987060    614.4454346    391.6439514    0.0073626    -0.0010175    -0.0063451    0.0080450    nan    nan
14992    -27.7496000    1.6774900    3.9181800    0.0003226    983.0459595    539.8793945    309.8655396    0.0065136    -0.0008989    -0.0056147    0.0071166    nan    nan
14993    -27.7560000    1.6787800    3.9181800    0.0003247    895.2245483    458.6174622    225.1993103    0.0054727    -0.0007592    -0.0047135    0.0059687    nan    nan
14994    -27.7518000    1.7307100    3.9181800    0.0007418    739.4102173    278.9559631    114.7475357    0.0010293    -0.0002871    -0.0007422    0.0010667    nan    nan
14995    -27.7373000    1.7281200    3.9181800    0.0007496    814.2167358    343.9718018    188.1705627    0.0012836    -0.0003844    -0.0008992    0.0013233    nan    nan
