123 
0 0 0.0199999078461 0.0 0 0 0 
1 0.0289220120758 0.0201166198258 0.0 0 0 0 
2 0.115698337555 0.0202489876289 0.0138467895066 0.00318776526001 928.412414551 0.00148302316666 
3 0.260338902473 0.020415040739 0.0190508801859 0.00483441578399 1160.34375 0.00509956199676 
4 0.462844640017 0.0206256365234 0.0300765276928 0.0133363698878 1256.70849609 0.0106574939564 
5 0.723201870918 0.0208915541337 0.0556500424263 0.0273763689729 1425.21313477 0.0168580338359 
6 1.0413916111 0.0212152882569 0.0797665619432 0.0579044709757 1538.97644043 0.0239868406206 
7 1.41738843918 0.0215910679898 0.131526695902 0.107946488579 1613.9810791 0.0320015028119 
8 1.8511531353 0.0220171075153 0.172989699522 0.192085404873 1662.87036133 0.0411306209862 
9 2.34265327454 0.0224919976775 0.182482833598 0.314229078706 1713.43359375 0.0511168390512 
10 2.89188027382 0.0230150074619 0.235382176584 0.472818409638 1760.32714844 0.0619702748954 
11 3.49874424934 0.0235861126524 0.300934522449 0.73592297952 1797.8815918 0.0737724602222 
12 4.16319656372 0.0242035092508 0.369100998407 1.07339567243 1832.19958496 0.0865239575505 
13 4.88532924652 0.0248668668574 0.435871022933 1.45389507375 1856.84545898 0.10020814091 
14 5.6650261879 0.0255765525922 0.511573176699 1.96855992263 1873.86657715 0.114865943789 
15 6.50230073929 0.0263326659095 0.56923383274 2.63244052851 1884.97106934 0.130469813943 
16 7.39715242386 0.027134229693 0.6670955236 3.37324010127 1908.09020996 0.147013023496 
17 8.34968280792 0.0279811007911 0.701975192029 4.29894463863 1931.90563965 0.164475411177 
18 9.35976886749 0.028872856415 0.825519137681 5.65401867701 1950.13134766 0.182818830013 
19 10.4275512695 0.0298113255483 0.924651192709 7.17426515417 1963.34619141 0.202137798071 
20 11.5532798767 0.0307939727918 0.973886800354 8.59554785759 1972.18457031 0.222282320261 
21 12.7366924286 0.0318216606565 1.14910649242 10.6356224896 1977.11901855 0.243273898959 
22 13.9783153534 0.0328953965049 1.28198548454 12.7859413597 1980.51696777 0.265206634998 
23 15.2781858444 0.0340126589879 1.35095898737 16.0822186534 1997.12487793 0.287807673216 
24 16.6360569 0.0351768095254 1.50351868346 18.6146733571 2010.29858398 0.311349153519 
25 18.0529785156 0.0363834918808 1.57901295369 22.7867346587 2020.07641602 0.335458040237 
26 19.5280799866 0.0376372207588 1.76228880593 26.2154955408 2026.70788574 0.360427588224 
27 21.0627822876 0.0389330431673 1.83699170571 31.54600102 2030.34960938 0.385887771845 
28 22.6562213898 0.0402758980009 2.06003846819 35.605491987 2031.34277344 0.412143021822 
29 24.3087234497 0.0416613738097 2.12870584521 42.5593912246 2031.4239502 0.438779234886 
30 26.0200214386 0.0430920085274 2.12917456579 47.8871746096 2042.15429688 0.466164648533 
31 27.7887744904 0.0445652480628 2.40017078826 55.069283906 2051.8449707 0.493809640408 
32 29.6151733398 0.0460816629651 2.45735004581 63.4954517702 2059.29174805 0.522053658962 
33 31.5005283356 0.0476414406598 2.8192338428 69.2112146462 2064.42407227 0.550621092319 
34 33.4433937073 0.0492462694877 2.8667854633 83.4386851152 2067.35424805 0.579558074474 
35 35.4459915161 0.050889844638 2.88166243303 90.438865819 2068.18798828 0.608882009983 
36 37.5080604553 0.0525841809483 2.94549959632 99.3092664717 2068.05200195 0.638473391533 
37 39.6281471252 0.0543224107357 3.36646774438 114.235883243 2067.05541992 0.668298721313 
38 41.8096351624 0.0560998559108 3.53241974568 125.760631207 2074.62329102 0.698315441608 
39 44.0500984192 0.0579241760416 3.54201517969 138.915138192 2082.02514648 0.728584885597 
40 46.3443031311 0.0597913891224 3.81188767711 154.228181843 2087.79443359 0.758791804314 
41 48.6949882507 0.0616868959696 4.04779683661 170.068121344 2091.91381836 0.789065241814 
42 51.1016235352 0.0636151964988 4.0500161377 185.723688851 2094.42285156 0.819302201271 
43 53.5655479431 0.0655839286589 4.04929976092 200.651208498 2095.30273438 0.849666416645 
44 56.0808105469 0.0675915592833 4.54867990429 218.813495413 2095.31738281 0.879965245724 
45 58.6458435059 0.0696285049237 4.54818832914 233.264648091 2094.59033203 0.910147428513 
46 61.2635421753 0.0716955332919 4.54768640423 248.094640525 2093.21679688 0.940096139908 
47 63.9311790466 0.0737954506 4.54716902624 258.933356146 2097.31518555 0.969890654087 
48 66.6494064331 0.0759368194353 5.2771164498 279.262907526 2102.88378906 0.999274492264 
49 69.4313201904 0.0781276056343 5.60796576866 299.029418574 2107.37646484 1.02857983112 
50 72.2623291016 0.0803638185634 5.62961400418 335.519644064 2110.70678711 1.05750000477 
51 72.3144683838 0.0804063249673 5.62962615464 335.519907755 2110.85083008 1.05808746815 
52 72.3590393066 0.0804400813173 5.62963827627 335.520162564 2110.8671875 1.05852234364 
53 72.4034729004 0.0804738380107 5.62964969511 335.520416135 2110.93530273 1.05899548531 
54 72.4702682495 0.0805256662974 5.62966752628 335.701240183 2110.97631836 1.05969774723 
55 72.5705413818 0.0806031845917 5.62969439518 336.066870852 2111.07788086 1.06074571609 
56 72.7211761475 0.080719499441 5.62973457699 336.273284242 2111.22680664 1.06231498718 
57 72.9472045898 0.080894196252 5.62979520202 336.698802063 2111.43847656 1.06466627121 
58 73.2865066528 0.0811569674373 5.62988745299 342.464747913 2111.7109375 1.06819319725 
59 73.795425415 0.0815531285808 5.63002512462 343.721126075 2112.08032227 1.07347261906 
60 74.5604400635 0.0821506344662 5.63023319262 347.736009889 2112.56591797 1.08137905598 
61 75.7085647583 0.0830567969625 5.63054781622 356.685242918 2113.1472168 1.09326088428 
62 77.4429092407 0.0844302001722 5.6310220845 362.762029644 2113.65991211 1.1111344099 
63 80.0786437988 0.0865192340101 5.63173793539 387.285903533 2113.81933594 1.13792598248 
64 80.1331558228 0.0865649487659 5.63175148477 387.766159862 2113.87573242 1.13831102848 
65 80.2023468018 0.0866199462148 5.63177094352 389.062226621 2114.13623047 1.13889706135 
66 80.3061447144 0.0867046550964 5.63180016458 389.211781344 2114.08666992 1.13979208469 
67 80.462020874 0.0868309378289 5.63184386574 390.60690281 2114.17114258 1.14122676849 
68 80.6963119507 0.0870197629039 5.63191012811 391.258383377 2114.18017578 1.14332711697 
69 81.048576355 0.0873034059403 5.63200917196 391.360558911 2114.11547852 1.14648151398 
70 81.5787963867 0.0877323429511 5.63215786297 395.766571343 2114.08984375 1.15115880966 
71 82.3776855469 0.0883760670376 5.63238141276 401.727832956 2114.01245117 1.15807080269 
72 83.5811386108 0.0893485415811 5.63271860225 407.421765396 2113.81152344 1.16833722591 
73 85.3967819214 0.0908230018163 5.63323092678 414.912780328 2113.10546875 1.18393802643 
74 88.1395187378 0.0930727288243 5.64457853339 441.949140573 2111.3972168 1.20708107948 
75 88.1960830688 0.0931134962673 5.64460070024 442.107883882 2111.17675781 1.20709598064 
76 88.2678604126 0.0931681181791 5.64463195892 442.51810081 2111.05957031 1.20771753788 
77 88.3758621216 0.0932548164159 5.64468019074 442.606062104 2111.00756836 1.20869100094 
78 88.5380477905 0.0933834794988 5.64475280497 443.94820578 2110.92236328 1.21018636227 
79 88.7816009521 0.0935785767113 5.64486125478 443.975861835 2110.86181641 1.21250844002 
80 89.147102356 0.0938696399682 5.64502487527 450.24668303 2110.59863281 1.21590876579 
81 89.6970901489 0.0943076117701 5.6452706188 457.151753907 2110.2487793 1.22097432613 
82 90.5262985229 0.0949679161858 5.64564076887 458.472540643 2110.41992188 1.22860634327 
83 91.7776031494 0.0959637144795 5.64619785851 466.423195631 2112.33520508 1.24022018909 
84 93.6670532227 0.0974665687433 5.64703626924 475.269476004 2114.97753906 1.25761318207 
85 96.5374755859 0.0997490224126 5.64830684518 486.082678147 2118.48339844 1.28401792049 
86 96.5973587036 0.0997928081607 5.64832922175 486.144211689 2118.61767578 1.28447926044 
87 96.6726913452 0.0998495826173 5.64836042594 486.144619168 2118.78417969 1.28503012657 
88 96.7853546143 0.0999418492849 5.64840860819 486.526080487 2118.90063477 1.28597378731 
89 96.9547653198 0.100078975171 5.64848058364 487.77711157 2119.14282227 1.28740906715 
90 97.2091522217 0.10028450804 5.64858955352 488.157259959 2119.25317383 1.2894847393 
91 97.5916366577 0.100593062556 5.64875216746 489.61022627 2119.58129883 1.29235780239 
92 98.166053772 0.101059102037 5.64899733291 490.201441072 2120.15112305 1.2966221571 
93 99.03074646 0.101757216227 5.64936609244 491.015928937 2120.89477539 1.30296802521 
94 100.339012146 0.102808656732 5.64992119388 492.752355645 2121.95751953 1.31247961521 
95 102.32346344 0.104400465632 5.65076184212 497.940334953 2123.31567383 1.32672226429 
96 105.34589386 0.106816585185 5.65204036962 506.281508855 2124.82836914 1.34807038307 
97 105.408500671 0.106861913703 5.65206301697 506.341407536 2124.90893555 1.34809815884 
98 105.487579346 0.106920019086 5.65209650885 506.341788091 2124.70263672 1.34862089157 
99 105.606735229 0.107010860626 5.652147455 507.231397274 2124.74584961 1.34944450855 
100 105.786094666 0.107149356329 5.65222454406 507.41812234 2124.7253418 1.35071778297 
101 106.054298401 0.107357961905 5.65234017865 507.457495401 2124.77514648 1.3526468277 
102 106.457695007 0.107670818647 5.65251349883 508.482226278 2124.81469727 1.35562348366 
103 107.063247681 0.108140790309 5.65277395612 509.283243069 2125.00170898 1.3601167202 
104 107.975448608 0.108850224737 5.65316536129 511.062137064 2125.22094727 1.36708807945 
105 109.345672607 0.109916635447 5.65375370059 512.561227794 2125.34301758 1.37739312649 
106 111.417732239 0.111528223291 5.65464084477 515.115278137 2125.26733398 1.39299499989 
107 111.619148254 0.111679474036 5.65472140437 516.389139363 2125.20141602 1.39566707611 
108 111.911865234 0.111909827245 5.65484267431 517.393892425 2125.07519531 1.39815998077 
109 112.351303101 0.112256312958 5.65502535348 519.026340842 2124.94213867 1.40155351162 
110 113.012252808 0.112780324195 5.65530105576 519.718886928 2124.76000977 1.40571415424 
111 114.005645752 0.113566036596 5.65571535804 521.009356791 2124.56689453 1.41212320328 
112 115.501480103 0.114755541948 5.65633972797 522.515476178 2124.2409668 1.4217441082 
113 117.76423645 0.11654425054 5.65728380405 523.661343633 2123.37304688 1.43683767319 
114 117.824699402 0.116588321349 5.65730679202 523.661568554 2123.38525391 1.43685436249 
115 117.878089905 0.116628807944 5.65732957685 523.770274669 2123.3671875 1.43698620796 
116 117.931419373 0.116670514232 5.65735182396 523.770492544 2123.32641602 1.43736159801 
117 118.011329651 0.116732309157 5.65738559803 523.814472521 2123.30834961 1.43789422512 
118 118.131332397 0.116825553063 5.65743636091 523.889969122 2123.2175293 1.43876469135 
119 118.311355591 0.116965087494 5.65751301061 523.962437669 2123.10424805 1.44004154205 
120 118.581512451 0.117174316977 5.6576277501 523.96353124 2122.94824219 1.44183290005 
121 118.987037659 0.117489532467 5.65779999607 524.469683341 2122.75146484 1.44465184212 
122 119.596694946 0.117963259882 5.65805874065 524.62190812 2122.43554688 1.44884800911 
