3 112 
521    -27.7412000    1.6506400    12.3743000    0.0000169    784.2213745    253.9260406    225.8047791    0.0010197    -0.0003568    -0.0006629    0.0010355    nan    nan
523    -27.7451000    1.6529300    12.3743000    0.0000169    669.8599243    165.8589630    132.8820343    0.0003432    -0.0001444    -0.0001987    0.0003449    nan    nan
668    -27.7381000    1.6473400    12.3743000    0.0000165    890.1666870    326.5304260    292.1682434    0.0017052    -0.0005239    -0.0011813    0.0017504    nan    nan
670    -27.7359000    1.6433300    12.3743000    0.0000162    958.1950684    386.6688538    332.5905151    0.0023243    -0.0006846    -0.0016397    0.0023994    nan    nan
672    -27.7347000    1.6390100    12.3742000    0.0000163    988.9281006    412.3717041    359.5013733    0.0024628    -0.0007364    -0.0017265    0.0025414    nan    nan
1359    -27.7412000    1.6506500    12.1146000    0.0000184    870.3480225    369.9667053    281.6687317    0.0013066    -0.0003395    -0.0009670    0.0013560    nan    nan
1361    -27.7451000    1.6529400    12.1146000    0.0000184    744.4917603    264.1867981    184.9017487    0.0005573    -0.0001768    -0.0003805    0.0005697    nan    nan
1506    -27.7381000    1.6473400    12.1146000    0.0000180    986.8728638    456.5989685    346.4089355    0.0020561    -0.0004717    -0.0015844    0.0021585    nan    nan
1508    -27.7360000    1.6433400    12.1146000    0.0000176    1065.5885010    527.3410034    393.8930664    0.0027755    -0.0006106    -0.0021649    0.0029284    nan    nan
1510    -27.7347000    1.6390100    12.1146000    0.0000178    1098.9152832    560.7356567    423.7603760    0.0029796    -0.0006699    -0.0023097    0.0031420    nan    nan
2197    -27.7412000    1.6506500    11.8320000    0.0000201    868.5933838    362.4660950    268.5470581    0.0014557    -0.0003688    -0.0010869    0.0015138    nan    nan
2199    -27.7451000    1.6529500    11.8320000    0.0000201    743.6896973    263.2387390    175.9000244    0.0006446    -0.0001975    -0.0004472    0.0006606    nan    nan
2344    -27.7381000    1.6473500    11.8320000    0.0000196    982.8568115    442.7962341    327.5069580    0.0022567    -0.0005124    -0.0017443    0.0023715    nan    nan
2346    -27.7360000    1.6433400    11.8320000    0.0000192    1050.0489502    512.5759277    372.3087463    0.0030645    -0.0006894    -0.0023751    0.0032300    nan    nan
2348    -27.7347000    1.6390100    11.8320000    0.0000194    1080.2485352    542.8049316    398.8620605    0.0032894    -0.0007551    -0.0025343    0.0034647    nan    nan
3035    -27.7412000    1.6506600    11.5243000    0.0000218    892.6685181    392.2449036    283.6573486    0.0015636    -0.0003666    -0.0011970    0.0016358    nan    nan
3037    -27.7452000    1.6529500    11.5243000    0.0000218    763.1376343    289.0315552    188.1772461    0.0007241    -0.0002057    -0.0005184    0.0007463    nan    nan
3182    -27.7382000    1.6473500    11.5243000    0.0000213    1011.0104981    476.8905334    344.4156189    0.0024044    -0.0005056    -0.0018988    0.0025415    nan    nan
3184    -27.7360000    1.6433400    11.5243000    0.0000209    1080.6134033    553.0576172    394.0046997    0.0032799    -0.0006902    -0.0025897    0.0034742    nan    nan
3186    -27.7347000    1.6390100    11.5243000    0.0000211    1112.3918457    585.3020020    421.7340698    0.0035266    -0.0007551    -0.0027715    0.0037334    nan    nan
3873    -27.7412000    1.6506600    11.1895000    0.0000238    898.0533447    395.2338867    281.8583069    0.0016640    -0.0003809    -0.0012831    0.0017442    nan    nan
3875    -27.7452000    1.6529600    11.1895000    0.0000238    768.6541138    294.5746460    188.3729706    0.0007940    -0.0002188    -0.0005751    0.0008202    nan    nan
4020    -27.7382000    1.6473500    11.1895000    0.0000232    1013.3826294    479.7559814    340.8279114    0.0025552    -0.0005351    -0.0020201    0.0027031    nan    nan
4022    -27.7360000    1.6433400    11.1895000    0.0000227    1079.4245606    554.3407593    388.4222107    0.0034747    -0.0007269    -0.0027479    0.0036828    nan    nan
4024    -27.7347000    1.6390100    11.1895000    0.0000230    1110.0064697    585.4337769    414.8882446    0.0037316    -0.0007935    -0.0029382    0.0039525    nan    nan
4711    -27.7413000    1.6506600    10.8250000    0.0000259    909.7177734    408.6977234    287.5109863    0.0017484    -0.0003845    -0.0013639    0.0018385    nan    nan
4713    -27.7452000    1.6529600    10.8250000    0.0000259    778.1439819    306.5257874    193.5693512    0.0008520    -0.0002253    -0.0006267    0.0008830    nan    nan
4858    -27.7382000    1.6473500    10.8250000    0.0000253    1025.5043945    496.6411438    348.0140381    0.0026870    -0.0005464    -0.0021406    0.0028495    nan    nan
4860    -27.7360000    1.6433400    10.8250000    0.0000247    1092.3182373    572.2357178    396.4433594    0.0036394    -0.0007366    -0.0029028    0.0038664    nan    nan
4862    -27.7347000    1.6390100    10.8250000    0.0000250    1123.4010010    603.9398193    423.3438721    0.0039067    -0.0008027    -0.0031040    0.0041478    nan    nan
5549    -27.7413000    1.6506600    10.4284000    0.0000282    915.4970703    413.5406189    287.8130188    0.0018305    -0.0003947    -0.0014357    0.0019281    nan    nan
5551    -27.7452000    1.6529600    10.4284000    0.0000282    783.6112061    312.1877747    195.3070068    0.0009080    -0.0002342    -0.0006738    0.0009428    nan    nan
5696    -27.7382000    1.6473600    10.4284000    0.0000275    1029.6914062    503.2095642    348.7031555    0.0028139    -0.0005696    -0.0022443    0.0029861    nan    nan
5698    -27.7360000    1.6433400    10.4284000    0.0000269    1094.9005127    577.0587158    395.8456421    0.0037877    -0.0007580    -0.0030297    0.0040274    nan    nan
5700    -27.7348000    1.6390100    10.4284000    0.0000272    1125.5549316    608.3670044    422.2942810    0.0040625    -0.0008247    -0.0032378    0.0043168    nan    nan
6387    -27.7413000    1.6506700    9.9966200    0.0000307    923.1007080    421.5615845    290.5273438    0.0019002    -0.0003993    -0.0015009    0.0020057    nan    nan
6389    -27.7452000    1.6529600    9.9966200    0.0000307    789.9290771    319.5218506    198.0862274    0.0009566    -0.0002397    -0.0007169    0.0009955    nan    nan
6534    -27.7382000    1.6473600    9.9966200    0.0000299    1036.6147461    513.2655029    352.2845154    0.0029195    -0.0005813    -0.0023382    0.0031024    nan    nan
6536    -27.7361000    1.6433400    9.9966200    0.0000293    1102.2194824    587.3929443    400.0101624    0.0039176    -0.0007682    -0.0031494    0.0041713    nan    nan
6538    -27.7348000    1.6390100    9.9966200    0.0000296    1132.9777832    618.8830566    426.5107117    0.0042008    -0.0008348    -0.0033660    0.0044701    nan    nan
7225    -27.7413000    1.6506700    9.5267000    0.0000334    928.2612305    425.9735107    291.2273254    0.0019641    -0.0004058    -0.0015583    0.0020760    nan    nan
7227    -27.7452000    1.6529600    9.5267000    0.0000334    794.5462646    324.1900940    199.4345093    0.0010021    -0.0002458    -0.0007563    0.0010446    nan    nan
7229    -27.7496000    1.6541700    9.5267000    0.0000333    653.4019165    202.0827179    82.5614166    0.0001200    -0.0000364    -0.0000835    0.0001231    nan    nan
7372    -27.7382000    1.6473600    9.5267000    0.0000326    1040.4460449    519.0584717    353.5394287    0.0030193    -0.0005966    -0.0024227    0.0032107    nan    nan
7374    -27.7361000    1.6433400    9.5267000    0.0000319    1105.4196777    592.5078125    400.7435608    0.0040383    -0.0007828    -0.0032555    0.0043033    nan    nan
7376    -27.7348000    1.6390100    9.5267000    0.0000322    1135.9650879    623.8316650    426.9969482    0.0043283    -0.0008497    -0.0034786    0.0046096    nan    nan
8063    -27.7413000    1.6506700    9.0152400    0.0000363    933.9160156    431.5081177    292.9045715    0.0020219    -0.0004099    -0.0016120    0.0021403    nan    nan
