4 223 
521    -27.7432000    1.6506900    12.3738000    0.0000169    923.0003662    354.4001770    272.9393616    0.0029433    -0.0008646    -0.0020787    0.0030469    nan    nan
523    -27.7471000    1.6529900    12.3738000    0.0000169    801.7553101    245.8186035    184.5173645    0.0016945    -0.0005424    -0.0011521    0.0017381    nan    nan
525    -27.7515000    1.6542000    12.3738000    0.0000169    661.9483032    131.4888916    74.3154373    0.0006527    -0.0002440    -0.0004088    0.0006606    nan    nan
667    -27.7283000    1.6563700    12.3738000    0.0000322    817.7361450    359.8533325    189.0737305    0.0001032    -0.0000311    -0.0000721    0.0001062    nan    nan
668    -27.7401000    1.6473700    12.3738000    0.0000165    1019.7290649    461.7901916    338.2471924    0.0043610    -0.0012143    -0.0031468    0.0045407    nan    nan
669    -27.7242000    1.6489500    12.3738000    0.0000326    858.5325928    489.1395264    236.5115051    0.0001111    -0.0000234    -0.0000877    0.0001172    nan    nan
670    -27.7379000    1.6433500    12.3738000    0.0000162    1082.0048828    534.8564453    379.9414062    0.0055640    -0.0014574    -0.0041066    0.0058231    nan    nan
671    -27.7219000    1.6409000    12.3738000    0.0000314    866.7722168    561.9478760    257.1890869    0.0001050    -0.0000161    -0.0000890    0.0001132    nan    nan
672    -27.7367000    1.6390200    12.3738000    0.0000164    1111.0722656    565.4801636    404.0895081    0.0058702    -0.0015473    -0.0043230    0.0061413    nan    nan
1359    -27.7432000    1.6507000    12.1142000    0.0000185    1032.8697510    510.7190247    342.0103149    0.0035898    -0.0007382    -0.0028516    0.0038117    nan    nan
1361    -27.7471000    1.6530100    12.1142000    0.0000184    896.4882202    374.8046570    243.9200592    0.0021203    -0.0004662    -0.0016541    0.0022336    nan    nan
1363    -27.7515000    1.6542200    12.1142000    0.0000184    736.8306885    239.5659027    124.9578323    0.0009650    -0.0002549    -0.0007101    0.0010005    nan    nan
1506    -27.7401000    1.6473900    12.1142000    0.0000180    1132.2432861    626.0843506    412.8651733    0.0052075    -0.0010031    -0.0042044    0.0055613    nan    nan
1507    -27.7242000    1.6489500    12.1142000    0.0000355    1004.8352051    586.0017700    421.6671753    0.0001054    -0.0000379    -0.0000674    0.0001068    nan    nan
1508    -27.7380000    1.6433600    12.1142000    0.0000176    1197.1480713    702.8063965    460.1314697    0.0065965    -0.0011757    -0.0054208    0.0070820    nan    nan
1509    -27.7220000    1.6409100    12.1142000    0.0000342    1029.6645508    661.3408203    455.0032349    0.0001078    -0.0000340    -0.0000738    0.0001102    nan    nan
1510    -27.7367000    1.6390200    12.1142000    0.0000178    1227.7270508    737.0162354    485.5951233    0.0069684    -0.0012416    -0.0057267    0.0074825    nan    nan
2197    -27.7432000    1.6507100    11.8316000    0.0000201    1009.9730225    489.5513306    312.8841553    0.0039149    -0.0008049    -0.0031100    0.0041565    nan    nan
2199    -27.7472000    1.6530100    11.8316000    0.0000201    888.5931396    364.6520691    224.4599457    0.0023335    -0.0004949    -0.0018386    0.0024647    nan    nan
2201    -27.7516000    1.6542200    11.8316000    0.0000201    735.1671753    241.9651184    114.1032715    0.0010904    -0.0002722    -0.0008182    0.0011354    nan    nan
2343    -27.7283000    1.6563800    11.8316000    0.0000382    945.3312378    439.8067627    356.4082947    0.0001420    -0.0000630    -0.0000791    0.0001427    nan    nan
2344    -27.7402000    1.6473900    11.8316000    0.0000196    1100.6453857    594.2272949    375.9833069    0.0056484    -0.0010967    -0.0045517    0.0060267    nan    nan
2345    -27.7243000    1.6489500    11.8316000    0.0000386    1005.2391968    573.6156006    419.2665405    0.0001697    -0.0000632    -0.0001065    0.0001717    nan    nan
2346    -27.7380000    1.6433600    11.8316000    0.0000192    1158.2005615    663.1111450    415.9583435    0.0071363    -0.0012953    -0.0058410    0.0076503    nan    nan
2347    -27.7220000    1.6409100    11.8316000    0.0000373    1030.6711426    647.6537476    450.7216187    0.0001761    -0.0000584    -0.0001177    0.0001794    nan    nan
2348    -27.7367000    1.6390200    11.8316000    0.0000194    1185.1022949    692.9255371    437.9655151    0.0075355    -0.0013729    -0.0061626    0.0080768    nan    nan
3035    -27.7433000    1.6507200    11.5240000    0.0000219    1042.2487793    531.8451538    337.1913757    0.0041777    -0.0007899    -0.0033878    0.0044608    nan    nan
3036    -27.7342000    1.6624900    11.5240000    0.0000406    882.1802368    315.3787537    292.0112000    0.0001188    -0.0000532    -0.0000657    0.0001195    nan    nan
3037    -27.7472000    1.6530200    11.5240000    0.0000219    914.2611694    397.1255188    241.2565308    0.0025027    -0.0004841    -0.0020186    0.0026608    nan    nan
3039    -27.7516000    1.6542300    11.5240000    0.0000218    753.2517090    267.7255554    126.4724350    0.0012003    -0.0002747    -0.0009256    0.0012581    nan    nan
3181    -27.7284000    1.6563800    11.5240000    0.0000416    978.9727173    463.0918274    395.4435120    0.0001726    -0.0000804    -0.0000922    0.0001731    nan    nan
3182    -27.7402000    1.6473900    11.5240000    0.0000213    1137.1445312    640.8587646    405.5402832    0.0059831    -0.0010609    -0.0049222    0.0064213    nan    nan
3183    -27.7243000    1.6489600    11.5240000    0.0000420    1045.7026367    598.3141479    464.5941162    0.0002066    -0.0000843    -0.0001223    0.0002079    nan    nan
3184    -27.7380000    1.6433700    11.5240000    0.0000209    1198.8557129    714.0855103    450.1847534    0.0075365    -0.0012466    -0.0062899    0.0081257    nan    nan
3185    -27.7220000    1.6409100    11.5240000    0.0000406    1076.2448731    672.8035889    499.9356995    0.0002191    -0.0000820    -0.0001371    0.0002214    nan    nan
3186    -27.7367000    1.6390200    11.5240000    0.0000211    1227.7725830    746.1161499    474.3320923    0.0079502    -0.0013181    -0.0066322    0.0085708    nan    nan
3873    -27.7433000    1.6507200    11.1891000    0.0000238    1039.8570557    532.3279419    330.4759216    0.0044153    -0.0008203    -0.0035950    0.0047200    nan    nan
3874    -27.7342000    1.6624900    11.1891000    0.0000442    891.3670044    322.5295105    298.8089905    0.0001541    -0.0000683    -0.0000858    0.0001551    nan    nan
3875    -27.7472000    1.6530300    11.1891000    0.0000238    917.9311523    401.4244080    238.4317627    0.0026636    -0.0005023    -0.0021613    0.0028375    nan    nan
3877    -27.7516000    1.6542400    11.1891000    0.0000238    759.1239014    275.3605957    127.1777344    0.0012981    -0.0002859    -0.0010122    0.0013646    nan    nan
4019    -27.7284000    1.6563800    11.1891000    0.0000453    989.2222290    465.9662476    406.1884460    0.0002103    -0.0001006    -0.0001097    0.0002108    nan    nan
4020    -27.7402000    1.6474000    11.1891000    0.0000232    1130.1828613    636.5974121    394.6690979    0.0062829    -0.0010963    -0.0051866    0.0067500    nan    nan
4021    -27.7243000    1.6489600    11.1891000    0.0000458    1056.9046631    600.5167236    474.3070984    0.0002484    -0.0001044    -0.0001440    0.0002496    nan    nan
4022    -27.7381000    1.6433700    11.1891000    0.0000227    1187.8540039    705.5452271    435.5477295    0.0078912    -0.0012842    -0.0066069    0.0085158    nan    nan
4023    -27.7220000    1.6409100    11.1891000    0.0000442    1088.7437744    674.3411865    509.7186890    0.0002652    -0.0001030    -0.0001621    0.0002674    nan    nan
4024    -27.7368000    1.6390200    11.1891000    0.0000230    1214.7977295    735.5130005    457.8003235    0.0083164    -0.0013573    -0.0069591    0.0089729    nan    nan
4711    -27.7433000    1.6507200    10.8247000    0.0000259    1052.7554932    550.1123657    339.0911560    0.0046120    -0.0008219    -0.0037901    0.0049440    nan    nan
4712    -27.7342000    1.6624900    10.8247000    0.0000482    904.1879883    337.0786743    307.1544800    0.0001791    -0.0000774    -0.0001017    0.0001803    nan    nan
4713    -27.7472000    1.6530300    10.8247000    0.0000259    929.2731934    416.7407837    244.5834656    0.0028010    -0.0005076    -0.0022935    0.0029926    nan    nan
4714    -27.7415000    1.6667600    10.8247000    0.0000481    787.6888428    248.3428040    155.5571136    0.0001313    -0.0000477    -0.0000836    0.0001336    nan    nan
4715    -27.7516000    1.6542400    10.8247000    0.0000259    767.6855469    287.0116577    131.9445801    0.0013736    -0.0002887    -0.0010849    0.0014489    nan    nan
4857    -27.7284000    1.6563900    10.8247000    0.0000493    1005.8615112    476.0684814    424.4772949    0.0002389    -0.0001157    -0.0001232    0.0002394    nan    nan
4858    -27.7402000    1.6474000    10.8247000    0.0000253    1144.8171387    656.0297852    405.5447998    0.0065243    -0.0010915    -0.0054328    0.0070280    nan    nan
4859    -27.7243000    1.6489600    10.8247000    0.0000498    1077.0229492    611.0352783    495.3676758    0.0002820    -0.0001236    -0.0001584    0.0002828    nan    nan
4860    -27.7381000    1.6433700    10.8247000    0.0000247    1204.0146484    726.1499023    448.3391113    0.0081779    -0.0012741    -0.0069038    0.0088475    nan    nan
4861    -27.7220000    1.6409100    10.8247000    0.0000481    1111.4984131    684.8385010    532.5700073    0.0003035    -0.0001244    -0.0001791    0.0003052    nan    nan
4862    -27.7368000    1.6390200    10.8247000    0.0000250    1231.7407227    756.8813477    471.4555359    0.0086134    -0.0013453    -0.0072681    0.0093167    nan    nan
5549    -27.7433000    1.6507300    10.4281000    0.0000282    1054.9353027    554.8702393    338.1015320    0.0048013    -0.0008398    -0.0039616    0.0051536    nan    nan
5550    -27.7342000    1.6625000    10.4280000    0.0000524    912.6140747    345.3818054    312.3482056    0.0002071    -0.0000883    -0.0001188    0.0002086    nan    nan
5551    -27.7472000    1.6530300    10.4281000    0.0000282    933.8125610    423.9059448    245.2691803    0.0029406    -0.0005256    -0.0024150    0.0031456    nan    nan
5552    -27.7415000    1.6667600    10.4281000    0.0000524    794.2683716    257.4623108    158.7591400    0.0001708    -0.0000604    -0.0001104    0.0001741    nan    nan
5553    -27.7516000    1.6542500    10.4281000    0.0000282    772.9135132    293.2419434    133.4226379    0.0014471    -0.0002953    -0.0011518    0.0015298    nan    nan
5695    -27.7284000    1.6563900    10.4280000    0.0000536    1015.7885742    480.3367310    434.4741516    0.0002693    -0.0001317    -0.0001376    0.0002698    nan    nan
5696    -27.7402000    1.6474000    10.4280000    0.0000275    1145.0213623    658.7951660    402.9074097    0.0067513    -0.0011100    -0.0056414    0.0072807    nan    nan
5697    -27.7243000    1.6489600    10.4280000    0.0000542    1088.3933106    615.0621338    505.5393982    0.0003158    -0.0001418    -0.0001740    0.0003165    nan    nan
5698    -27.7381000    1.6433700    10.4280000    0.0000269    1202.4101562    726.7650757    444.1953430    0.0084416    -0.0012904    -0.0071512    0.0091424    nan    nan
5699    -27.7221000    1.6409100    10.4280000    0.0000523    1124.1785889    688.5504761    543.1881104    0.0003405    -0.0001436    -0.0001968    0.0003419    nan    nan
5700    -27.7368000    1.6390200    10.4280000    0.0000272    1229.2862549    756.6177979    466.5179138    0.0088854    -0.0013615    -0.0075239    0.0096209    nan    nan
6387    -27.7433000    1.6507300    9.9963300    0.0000307    1061.8029785    564.8612671    342.0031128    0.0049633    -0.0008452    -0.0041181    0.0053367    nan    nan
6388    -27.7342000    1.6625000    9.9963200    0.0000571    921.3699951    355.2470398    317.6347046    0.0002302    -0.0000963    -0.0001339    0.0002321    nan    nan
6389    -27.7472000    1.6530400    9.9963300    0.0000307    940.1841431    433.4907532    248.4000244    0.0030579    -0.0005344    -0.0025234    0.0032764    nan    nan
6390    -27.7415000    1.6667600    9.9963300    0.0000570    800.1664429    265.7563171    161.8547668    0.0002025    -0.0000698    -0.0001328    0.0002068    nan    nan
6391    -27.7516000    1.6542500    9.9963300    0.0000306    778.6632080    300.7299805    135.7896576    0.0015118    -0.0002995    -0.0012123    0.0016019    nan    nan
6533    -27.7284000    1.6563900    9.9963200    0.0000584    1027.0450440    486.6141968    446.2678833    0.0002951    -0.0001421    -0.0001530    0.0002957    nan    nan
6534    -27.7402000    1.6474100    9.9963200    0.0000299    1152.2918701    669.0853271    407.5794373    0.0069475    -0.0011123    -0.0058352    0.0075043    nan    nan
6535    -27.7243000    1.6489600    9.9963200    0.0000590    1101.8339844    621.3591309    518.8125610    0.0003454    -0.0001591    -0.0001862    0.0003459    nan    nan
6536    -27.7381000    1.6433800    9.9963200    0.0000293    1210.1152344    737.1540527    449.5810547    0.0086726    -0.0012897    -0.0073830    0.0094070    nan    nan
6537    -27.7221000    1.6409100    9.9963200    0.0000569    1139.2897949    694.7338257    557.4635620    0.0003735    -0.0001627    -0.0002107    0.0003745    nan    nan
6538    -27.7368000    1.6390200    9.9963200    0.0000296    1237.2010498    767.1680298    472.1763916    0.0091244    -0.0013599    -0.0077645    0.0098946    nan    nan
7225    -27.7433000    1.6507300    9.5264300    0.0000334    1064.8232422    569.9325562    342.6170044    0.0051172    -0.0008568    -0.0042604    0.0055083    nan    nan
7226    -27.7343000    1.6625000    9.5264300    0.0000621    928.3458862    362.6343994    321.8533325    0.0002556    -0.0001055    -0.0001500    0.0002578    nan    nan
7227    -27.7472000    1.6530400    9.5264300    0.0000334    944.2451782    439.7705688    249.7678680    0.0031681    -0.0005471    -0.0026210    0.0033977    nan    nan
7228    -27.7415000    1.6667600    9.5264300    0.0000620    805.2815552    272.7310486    164.5585175    0.0002345    -0.0000791    -0.0001554    0.0002397    nan    nan
7229    -27.7516000    1.6542500    9.5264300    0.0000334    783.0513306    306.0577393    137.1555481    0.0015737    -0.0003054    -0.0012683    0.0016702    nan    nan
7370    -27.7560000    1.6545900    9.5264300    0.0000315    616.0461426    162.8139038    21.0745373    0.0001117    -0.0000323    -0.0000795    0.0001150    nan    nan
7371    -27.7284000    1.6563900    9.5264300    0.0000635    1035.5720215    490.7156982    454.7228088    0.0003204    -0.0001530    -0.0001675    0.0003211    nan    nan
7372    -27.7402000    1.6474100    9.5264300    0.0000326    1154.3684082    673.1843262    407.5103760    0.0071333    -0.0011233    -0.0060100    0.0077128    nan    nan
7373    -27.7243000    1.6489600    9.5264300    0.0000642    1111.7675781    625.2704468    527.7409058    0.0003739    -0.0001756    -0.0001983    0.0003743    nan    nan
7374    -27.7381000    1.6433800    9.5264300    0.0000319    1211.3237305    740.1428223    448.8599854    0.0088877    -0.0012987    -0.0075890    0.0096494    nan    nan
7375    -27.7221000    1.6409100    9.5264300    0.0000620    1150.4030762    698.4117432    566.9055176    0.0004050    -0.0001804    -0.0002245    0.0004058    nan    nan
7376    -27.7368000    1.6390200    9.5264300    0.0000322    1238.0035400    769.7260132    471.0972290    0.0093454    -0.0013685    -0.0079769    0.0101439    nan    nan
8063    -27.7433000    1.6507400    9.0149900    0.0000364    1069.3875732    576.6973267    344.9503479    0.0052551    -0.0008628    -0.0043923    0.0056637    nan    nan
8064    -27.7343000    1.6625000    9.0149900    0.0000676    935.0132446    370.5900879    326.0977783    0.0002815    -0.0001146    -0.0001669    0.0002841    nan    nan
8065    -27.7472000    1.6530400    9.0149900    0.0000363    948.8737793    446.7276306    251.9177551    0.0032645    -0.0005555    -0.0027089    0.0035047    nan    nan
8066    -27.7415000    1.6667700    9.0149900    0.0000675    810.0044556    279.2259827    167.1308899    0.0002633    -0.0000871    -0.0001761    0.0002695    nan    nan
8067    -27.7516000    1.6542600    9.0149900    0.0000363    787.4816895    311.5772095    138.9145355    0.0016293    -0.0003092    -0.0013201    0.0017322    nan    nan
8208    -27.7560000    1.6545900    9.0149900    0.0000343    619.7577515    168.2900696    21.8453217    0.0001411    -0.0000396    -0.0001015    0.0001456    nan    nan
8209    -27.7284000    1.6563900    9.0149900    0.0000692    1044.1394043    495.3584290    463.3838196    0.0003425    -0.0001612    -0.0001813    0.0003433    nan    nan
8210    -27.7402000    1.6474100    9.0149900    0.0000355    1158.8625488    679.8139648    410.0400085    0.0073009    -0.0011274    -0.0061735    0.0079031    nan    nan
8211    -27.7243000    1.6489600    9.0149900    0.0000699    1121.9169922    629.7633667    537.3531494    0.0003994    -0.0001909    -0.0002085    0.0003997    nan    nan
8212    -27.7381000    1.6433800    9.0149900    0.0000347    1215.7889404    746.4696045    451.5792541    0.0090805    -0.0013005    -0.0077800    0.0098694    nan    nan
8213    -27.7221000    1.6409100    9.0149900    0.0000675    1161.7866211    702.7613525    577.2094116    0.0004335    -0.0001975    -0.0002360    0.0004341    nan    nan
8214    -27.7368000    1.6390200    9.0149900    0.0000351    1242.4661865    776.0077515    473.8624268    0.0095437    -0.0013697    -0.0081740    0.0103701    nan    nan
8901    -27.7433000    1.6507400    8.4583300    0.0000396    1072.2481690    581.1988525    345.9252930    0.0053832    -0.0008710    -0.0045122    0.0058070    nan    nan
8902    -27.7343000    1.6625000    8.4583300    0.0000736    940.6262817    377.0599365    329.6593628    0.0003065    -0.0001234    -0.0001830    0.0003095    nan    nan
8903    -27.7472000    1.6530500    8.4583300    0.0000395    952.3203125    451.9517212    253.2702637    0.0033551    -0.0005649    -0.0027902    0.0036049    nan    nan
8904    -27.7415000    1.6667700    8.4583300    0.0000735    813.9448853    284.6662292    169.3583069    0.0002895    -0.0000943    -0.0001952    0.0002967    nan    nan
8905    -27.7516000    1.6542600    8.4583300    0.0000395    791.2728882    315.9283447    140.1209869    0.0016821    -0.0003135    -0.0013686    0.0017907    nan    nan
9046    -27.7561000    1.6545900    8.4583300    0.0000374    623.1340942    173.0408783    22.6235104    0.0001683    -0.0000460    -0.0001223    0.0001740    nan    nan
9047    -27.7284000    1.6563900    8.4583300    0.0000753    1051.2763672    498.9432678    470.3695068    0.0003637    -0.0001694    -0.0001943    0.0003645    nan    nan
9048    -27.7402000    1.6474100    8.4583300    0.0000386    1161.1806641    683.7565308    410.6678772    0.0074574    -0.0011349    -0.0063225    0.0080795    nan    nan
9049    -27.7243000    1.6489600    8.4583300    0.0000761    1130.2980957    633.1517334    544.8560181    0.0004237    -0.0002056    -0.0002181    0.0004240    nan    nan
9050    -27.7381000    1.6433800    8.4583300    0.0000378    1217.6334228    749.7262573    451.9095459    0.0092597    -0.0013062    -0.0079535    0.0100722    nan    nan
9051    -27.7221000    1.6409100    8.4583300    0.0000734    1171.1711426    705.9688721    585.1845703    0.0004605    -0.0002135    -0.0002470    0.0004609    nan    nan
9052    -27.7368000    1.6390200    8.4583300    0.0000382    1244.0861816    779.0122070    474.0064697    0.0097277    -0.0013751    -0.0083526    0.0105784    nan    nan
9739    -27.7433000    1.6507400    7.8524700    0.0000431    1075.5960693    586.1665649    347.5580139    0.0054989    -0.0008763    -0.0046226    0.0059373    nan    nan
9740    -27.7343000    1.6625000    7.8524700    0.0000801    945.9437866    383.3365479    332.9842529    0.0003292    -0.0001311    -0.0001981    0.0003326    nan    nan
9741    -27.7472000    1.6530500    7.8524700    0.0000430    955.8665161    457.2568970    254.8907776    0.0034382    -0.0005721    -0.0028661    0.0036971    nan    nan
9742    -27.7415000    1.6667700    7.8524700    0.0000800    817.2760010    289.8195801    171.7011414    0.0003162    -0.0001012    -0.0002150    0.0003243    nan    nan
9743    -27.7516000    1.6542600    7.8524700    0.0000430    795.0325317    320.2379761    141.4398346    0.0017306    -0.0003167    -0.0014139    0.0018448    nan    nan
9884    -27.7561000    1.6546000    7.8524700    0.0000407    626.2125854    177.3296509    23.4312592    0.0001924    -0.0000515    -0.0001410    0.0001993    nan    nan
9885    -27.7284000    1.6563900    7.8524600    0.0000819    1058.1213379    502.5669861    477.1227112    0.0003827    -0.0001762    -0.0002065    0.0003837    nan    nan
9886    -27.7402000    1.6474100    7.8524700    0.0000420    1164.3411865    688.5153198    412.2971802    0.0075990    -0.0011391    -0.0064599    0.0082400    nan    nan
9887    -27.7243000    1.6489600    7.8524600    0.0000828    1138.3690185    636.5976562    552.2820435    0.0004457    -0.0002190    -0.0002267    0.0004459    nan    nan
9888    -27.7381000    1.6433800    7.8524600    0.0000411    1220.6334228    754.1005859    453.5436707    0.0094220    -0.0013086    -0.0081133    0.0102570    nan    nan
9889    -27.7221000    1.6409100    7.8524600    0.0000799    1180.2105713    709.2831421    593.1298828    0.0004850    -0.0002286    -0.0002565    0.0004853    nan    nan
9890    -27.7368000    1.6390200    7.8524600    0.0000416    1247.0183106    783.2847900    475.6114502    0.0098940    -0.0013770    -0.0085170    0.0107679    nan    nan
10577    -27.7433000    1.6507400    7.1930300    0.0000469    1078.0307617    589.8793335    348.5295715    0.0056051    -0.0008822    -0.0047229    0.0060566    nan    nan
10578    -27.7343000    1.6625100    7.1930300    0.0000872    950.5337524    388.6244507    335.8134460    0.0003504    -0.0001382    -0.0002121    0.0003542    nan    nan
10579    -27.7472000    1.6530500    7.1930300    0.0000469    958.7127686    461.5399780    256.0630798    0.0035171    -0.0005795    -0.0029376    0.0037845    nan    nan
10580    -27.7415000    1.6667700    7.1930300    0.0000870    820.9962769    294.3067627    173.3717651    0.0003381    -0.0001070    -0.0002311    0.0003471    nan    nan
10581    -27.7516000    1.6542700    7.1930300    0.0000468    798.4016724    323.8027954    142.4073334    0.0017755    -0.0003199    -0.0014555    0.0018947    nan    nan
10722    -27.7561000    1.6546000    7.1930300    0.0000443    629.0188599    181.0320435    24.2356853    0.0002131    -0.0000559    -0.0001571    0.0002209    nan    nan
10723    -27.7284000    1.6563900    7.1930300    0.0000892    1063.9897461    505.4692993    482.7782593    0.0004004    -0.0001827    -0.0002177    0.0004015    nan    nan
10724    -27.7402000    1.6474100    7.1930300    0.0000457    1166.4127197    691.8705444    413.0491333    0.0077276    -0.0011444    -0.0065833    0.0083854    nan    nan
10725    -27.7244000    1.6489600    7.1930300    0.0000902    1145.2777100    639.3698120    558.4154053    0.0004662    -0.0002314    -0.0002348    0.0004663    nan    nan
10726    -27.7381000    1.6433800    7.1930300    0.0000447    1222.4080810    756.9800415    454.1300354    0.0095694    -0.0013124    -0.0082569    0.0104242    nan    nan
10727    -27.7221000    1.6409100    7.1930300    0.0000870    1187.9409180    711.9201050    599.6646118    0.0005078    -0.0002426    -0.0002652    0.0005080    nan    nan
10728    -27.7368000    1.6390200    7.1930300    0.0000452    1248.6497803    785.9959717    476.0854797    0.0100451    -0.0013805    -0.0086647    0.0109394    nan    nan
11415    -27.7433000    1.6507400    6.4753000    0.0000510    1080.5467529    593.5987549    349.7341003    0.0057003    -0.0008865    -0.0048138    0.0061640    nan    nan
11416    -27.7343000    1.6625100    6.4753000    0.0000949    954.7808228    393.5653381    338.4449158    0.0003693    -0.0001445    -0.0002249    0.0003735    nan    nan
11417    -27.7472000    1.6530500    6.4753000    0.0000510    961.4252930    465.5873718    257.2888794    0.0035887    -0.0005852    -0.0030035    0.0038642    nan    nan
11418    -27.7415000    1.6667700    6.4753000    0.0000947    824.1360474    298.3897705    174.9626617    0.0003584    -0.0001123    -0.0002461    0.0003682    nan    nan
11419    -27.7516000    1.6542700    6.4753000    0.0000510    801.5895996    327.1748657    143.3784637    0.0018164    -0.0003225    -0.0014939    0.0019404    nan    nan
11560    -27.7561000    1.6546000    6.4753000    0.0000482    631.5567627    184.3346252    25.0171585    0.0002310    -0.0000596    -0.0001714    0.0002399    nan    nan
11561    -27.7284000    1.6563900    6.4753000    0.0000971    1069.4401856    508.2672119    488.0508423    0.0004163    -0.0001882    -0.0002281    0.0004175    nan    nan
11562    -27.7402000    1.6474200    6.4753000    0.0000498    1168.7386475    695.3913574    414.1981506    0.0078431    -0.0011479    -0.0066952    0.0085163    nan    nan
11563    -27.7244000    1.6489600    6.4753000    0.0000981    1151.6976318    642.0269775    564.1971436    0.0004846    -0.0002400    -0.0002445    0.0004847    nan    nan
11564    -27.7381000    1.6433800    6.4753000    0.0000487    1224.5625000    760.1640625    455.2249756    0.0097020    -0.0013146    -0.0083874    0.0105753    nan    nan
11565    -27.7221000    1.6409100    6.4753000    0.0000947    1195.1258545    714.4723511    605.8485718    0.0005284    -0.0002556    -0.0002728    0.0005285    nan    nan
11566    -27.7368000    1.6390200    6.4753000    0.0000492    1250.7248535    789.0744629    477.1268005    0.0101814    -0.0013823    -0.0087991    0.0110946    nan    nan
12253    -27.7433000    1.6507500    5.6941200    0.0000555    1082.5302734    596.5719604    350.5815735    0.0057863    -0.0008909    -0.0048954    0.0062607    nan    nan
12254    -27.7343000    1.6625100    5.6941200    0.0001032    958.4653931    397.7961121    340.7341003    0.0003866    -0.0001501    -0.0002365    0.0003912    nan    nan
12255    -27.7472000    1.6530600    5.6941200    0.0000555    963.6909180    468.9693604    258.2586060    0.0036534    -0.0005908    -0.0030626    0.0039360    nan    nan
12256    -27.7415000    1.6667800    5.6941200    0.0001031    826.7752075    302.0174255    176.4869843    0.0003778    -0.0001175    -0.0002603    0.0003884    nan    nan
12257    -27.7516000    1.6542700    5.6941200    0.0000555    804.3480225    330.0037842    144.1707001    0.0018533    -0.0003249    -0.0015284    0.0019816    nan    nan
12398    -27.7561000    1.6546000    5.6941200    0.0000524    633.8095703    187.2168732    25.7180729    0.0002474    -0.0000629    -0.0001845    0.0002571    nan    nan
12399    -27.7284000    1.6564000    5.6941200    0.0001057    1074.1572266    510.6146240    492.5537415    0.0004308    -0.0001933    -0.0002375    0.0004321    nan    nan
12400    -27.7402000    1.6474200    5.6941200    0.0000542    1170.4655762    698.1093750    414.9016418    0.0079471    -0.0011517    -0.0067953    0.0086340    nan    nan
12401    -27.7244000    1.6489600    5.6941200    0.0001068    1157.2514648    644.2544556    569.0877075    0.0005013    -0.0002465    -0.0002548    0.0005015    nan    nan
12402    -27.7381000    1.6433800    5.6941200    0.0000530    1226.0750732    762.5281372    455.8125916    0.0098213    -0.0013174    -0.0085039    0.0107108    nan    nan
12403    -27.7221000    1.6409100    5.6941200    0.0001031    1201.3392334    716.5943604    611.0664673    0.0005471    -0.0002674    -0.0002797    0.0005472    nan    nan
12404    -27.7368000    1.6390200    5.6941200    0.0000536    1252.1407471    791.3203735    477.6410522    0.0103038    -0.0013847    -0.0089191    0.0112337    nan    nan
13091    -27.7433000    1.6507500    4.8438800    0.0000604    1084.4044190    599.3314209    351.4663086    0.0058615    -0.0008943    -0.0049673    0.0063455    nan    nan
13092    -27.7343000    1.6625100    4.8438800    0.0001124    961.7360840    401.5708313    342.7751770    0.0004018    -0.0001549    -0.0002469    0.0004066    nan    nan
13093    -27.7472000    1.6530600    4.8438800    0.0000604    965.7490234    472.0210266    259.1918640    0.0037099    -0.0005953    -0.0031146    0.0039990    nan    nan
13094    -27.7415000    1.6667800    4.8438800    0.0001122    829.0526123    305.2106934    177.8545380    0.0003949    -0.0001220    -0.0002729    0.0004062    nan    nan
13095    -27.7516000    1.6542700    4.8438800    0.0000604    806.8132935    332.5417175    144.9165192    0.0018857    -0.0003268    -0.0015589    0.0020178    nan    nan
13236    -27.7561000    1.6546100    4.8438800    0.0000571    635.7863159    189.7307281    26.3521519    0.0002618    -0.0000657    -0.0001960    0.0002724    nan    nan
13237    -27.7284000    1.6564000    4.8438800    0.0001150    1078.3549805    512.7546387    496.5639038    0.0004435    -0.0001976    -0.0002459    0.0004450    nan    nan
13238    -27.7402000    1.6474200    4.8438800    0.0000590    1172.1713867    700.6963501    415.7184143    0.0080382    -0.0011546    -0.0068836    0.0087373    nan    nan
13239    -27.7243000    1.6489600    4.8438800    0.0001163    1162.1918945    646.2738037    573.4714355    0.0005160    -0.0002518    -0.0002642    0.0005162    nan    nan
13240    -27.7381000    1.6433800    4.8438800    0.0000577    1227.6363525    764.8445435    456.5719604    0.0099258    -0.0013192    -0.0086066    0.0108298    nan    nan
13241    -27.7221000    1.6409100    4.8438800    0.0001122    1206.8637695    718.5249023    615.7503662    0.0005636    -0.0002779    -0.0002856    0.0005636    nan    nan
13242    -27.7368000    1.6390200    4.8438800    0.0000583    1253.6318359    793.5455933    478.3489685    0.0104111    -0.0013863    -0.0090248    0.0113559    nan    nan
13929    -27.7433000    1.6507500    3.9184700    0.0000658    1085.8856201    601.5227051    352.1264038    0.0059258    -0.0008974    -0.0050284    0.0064178    nan    nan
13930    -27.7343000    1.6625100    3.9184700    0.0001223    964.4583130    404.6856995    344.4765015    0.0004148    -0.0001591    -0.0002557    0.0004199    nan    nan
13931    -27.7472000    1.6530600    3.9184700    0.0000657    967.4230347    474.4992676    259.9306946    0.0037582    -0.0005993    -0.0031589    0.0040527    nan    nan
13932    -27.7415000    1.6667800    3.9184700    0.0001222    830.9746094    307.8821106    179.0176544    0.0004096    -0.0001258    -0.0002838    0.0004215    nan    nan
13933    -27.7516000    1.6542700    3.9184700    0.0000657    808.8657837    334.6087341    145.5132751    0.0019133    -0.0003285    -0.0015848    0.0020487    nan    nan
14074    -27.7561000    1.6546100    3.9184700    0.0000621    637.4584351    191.8278503    26.8927345    0.0002740    -0.0000681    -0.0002059    0.0002853    nan    nan
14075    -27.7284000    1.6564000    3.9184700    0.0001252    1081.8513184    514.5031128    499.8763428    0.0004544    -0.0002012    -0.0002531    0.0004560    nan    nan
14076    -27.7402000    1.6474200    3.9184700    0.0000642    1173.4665527    702.7041626    416.2734375    0.0081159    -0.0011573    -0.0069587    0.0088254    nan    nan
14077    -27.7243000    1.6489700    3.9184700    0.0001265    1166.3057861    647.9254150    577.0700073    0.0005286    -0.0002563    -0.0002723    0.0005289    nan    nan
14078    -27.7381000    1.6433800    3.9184700    0.0000628    1228.7868652    766.6042480    457.0516663    0.0100149    -0.0013210    -0.0086939    0.0109311    nan    nan
14079    -27.7221000    1.6409100    3.9184700    0.0001221    1211.4638672    720.0949707    619.5899048    0.0005777    -0.0002870    -0.0002907    0.0005777    nan    nan
14080    -27.7368000    1.6390300    3.9184700    0.0000635    1254.7132568    795.2197266    478.7774658    0.0105025    -0.0013879    -0.0091146    0.0114599    nan    nan
14767    -27.7433000    1.6507500    2.9112500    0.0000716    1087.1250000    603.3391724    352.7089844    0.0059774    -0.0008996    -0.0050777    0.0064760    nan    nan
14768    -27.7343000    1.6625100    2.9112500    0.0001331    966.6771851    407.2282104    345.8694763    0.0004253    -0.0001624    -0.0002629    0.0004306    nan    nan
14769    -27.7472000    1.6530600    2.9112500    0.0000716    968.8009033    476.5305481    260.5617371    0.0037970    -0.0006024    -0.0031946    0.0040958    nan    nan
14770    -27.7415000    1.6667800    2.9112500    0.0001330    832.5062866    310.0122986    179.9529572    0.0004213    -0.0001288    -0.0002925    0.0004337    nan    nan
14771    -27.7516000    1.6542700    2.9112500    0.0000715    810.5394287    336.2997131    146.0225067    0.0019356    -0.0003298    -0.0016058    0.0020737    nan    nan
14912    -27.7560000    1.6546100    2.9112500    0.0000676    638.8015747    193.5073853    27.3342819    0.0002839    -0.0000699    -0.0002140    0.0002958    nan    nan
14913    -27.7284000    1.6564000    2.9112500    0.0001362    1084.6883545    515.9448853    502.5650024    0.0004631    -0.0002042    -0.0002590    0.0004648    nan    nan
14914    -27.7402000    1.6474200    2.9112500    0.0000699    1174.5996094    704.4133301    416.8149719    0.0081785    -0.0011592    -0.0070192    0.0088963    nan    nan
14915    -27.7243000    1.6489700    2.9112500    0.0001377    1169.6480713    649.2848511    580.0056763    0.0005388    -0.0002598    -0.0002790    0.0005391    nan    nan
14916    -27.7381000    1.6433800    2.9112500    0.0000683    1229.8094482    768.1185303    457.5401611    0.0100865    -0.0013223    -0.0087642    0.0110127    nan    nan
14917    -27.7221000    1.6409100    2.9112500    0.0001329    1215.1971435    721.3915405    622.7230225    0.0005891    -0.0002940    -0.0002951    0.0005891    nan    nan
14918    -27.7368000    1.6390300    2.9112500    0.0000691    1255.6883545    796.6714478    479.2300720    0.0105760    -0.0013890    -0.0091870    0.0115436    nan    nan
15605    -27.7433000    1.6507500    1.8150000    0.0000779    1087.9929199    604.6091919    353.1059570    0.0060149    -0.0009014    -0.0051135    0.0065183    nan    nan
15606    -27.7343000    1.6625100    1.8150000    0.0001449    968.2236938    409.0076599    346.8476257    0.0004328    -0.0001647    -0.0002681    0.0004383    nan    nan
15607    -27.7472000    1.6530600    1.8150000    0.0000779    969.7714233    477.9562378    261.0019836    0.0038250    -0.0006047    -0.0032204    0.0041270    nan    nan
15608    -27.7415000    1.6667800    1.8150000    0.0001447    833.6416626    311.5697937    180.6488190    0.0004301    -0.0001311    -0.0002990    0.0004429    nan    nan
15609    -27.7516000    1.6542800    1.8150000    0.0000778    811.7269897    337.4837646    146.3732300    0.0019517    -0.0003307    -0.0016210    0.0020917    nan    nan
15750    -27.7560000    1.6546100    1.8150000    0.0000736    639.7722778    194.7090454    27.6584473    0.0002911    -0.0000713    -0.0002198    0.0003035    nan    nan
15751    -27.7284000    1.6564000    1.8150000    0.0001483    1086.7027588    516.9564209    504.4640808    0.0004694    -0.0002063    -0.0002632    0.0004712    nan    nan
15752    -27.7402000    1.6474200    1.8150000    0.0000760    1175.3531494    705.5761719    417.1447144    0.0082239    -0.0011608    -0.0070632    0.0089478    nan    nan
15753    -27.7243000    1.6489700    1.8150000    0.0001499    1172.0180664    650.2355957    582.0693970    0.0005462    -0.0002624    -0.0002838    0.0005465    nan    nan
15754    -27.7381000    1.6433800    1.8150000    0.0000744    1230.4808350    769.1318970    457.8328857    0.0101379    -0.0013233    -0.0088146    0.0110711    nan    nan
15755    -27.7221000    1.6409100    1.8150000    0.0001446    1217.8487549    722.3005981    624.9279785    0.0005973    -0.0002974    -0.0002999    0.0005973    nan    nan
15756    -27.7368000    1.6390300    1.8150000    0.0000752    1256.3192139    797.6350708    479.4906616    0.0106287    -0.0013899    -0.0092389    0.0116036    nan    nan
16443    -27.7433000    1.6507500    0.6218350    0.0000848    1088.4760742    605.2990723    353.3492737    0.0060344    -0.0009022    -0.0051322    0.0065404    nan    nan
16444    -27.7343000    1.6625100    0.6218350    0.0001577    969.1708374    410.0523987    347.4220581    0.0004373    -0.0001661    -0.0002712    0.0004429    nan    nan
16445    -27.7472000    1.6530600    0.6218350    0.0000848    970.3135376    478.7376099    261.2668457    0.0038395    -0.0006058    -0.0032337    0.0041431    nan    nan
16446    -27.7415000    1.6667800    0.6218350    0.0001575    834.1834717    312.3167725    181.0083618    0.0004337    -0.0001320    -0.0003018    0.0004467    nan    nan
16447    -27.7516000    1.6542800    0.6218350    0.0000847    812.3920898    338.1415710    146.5782166    0.0019604    -0.0003312    -0.0016292    0.0021014    nan    nan
16588    -27.7560000    1.6546100    0.6218350    0.0000801    640.3112183    195.3747711    27.8434486    0.0002952    -0.0000720    -0.0002232    0.0003078    nan    nan
16589    -27.7284000    1.6564000    0.6218350    0.0001614    1087.8304443    517.5178223    505.5247803    0.0004731    -0.0002074    -0.0002656    0.0004749    nan    nan
16590    -27.7402000    1.6474200    0.6218350    0.0000828    1175.8031006    706.2485352    417.3646545    0.0082484    -0.0011616    -0.0070868    0.0089755    nan    nan
16591    -27.7243000    1.6489700    0.6218350    0.0001631    1173.3344727    650.7777710    583.2162476    0.0005502    -0.0002638    -0.0002864    0.0005505    nan    nan
16592    -27.7381000    1.6433800    0.6218350    0.0000809    1230.8922119    769.7272339    458.0382996    0.0101659    -0.0013238    -0.0088421    0.0111030    nan    nan
16593    -27.7221000    1.6409100    0.6218350    0.0001574    1219.3170166    722.8217773    626.1519165    0.0006018    -0.0002989    -0.0003029    0.0006018    nan    nan
16594    -27.7368000    1.6390300    0.6218350    0.0000818    1256.7084961    798.2038574    479.6793823    0.0106575    -0.0013903    -0.0092672    0.0116364    nan    nan
