2 74 
668 -27.7361 1.64731 12.3747 1.65146684594e-05 658.355163574 213.511123657 187.055053711 0.000171294232132 -7.74164800532e-05 -9.38777520787e-05 0.000171599167516 
670 -27.7339 1.64331 12.3747 1.61494954227e-05 716.204040527 252.448913574 240.156433105 0.000505109608639 -0.000200276088435 -0.000304833549308 0.000508798577357 
672 -27.7326 1.639 12.3747 1.63289205375e-05 740.459472656 285.327026367 260.190979004 0.00053349044174 -0.000216498374357 -0.000316992052831 0.000536748906597 
1506 -27.7361 1.64731 12.115 1.79816834134e-05 731.587280273 289.750793457 251.812408447 0.000340800936101 -0.000121040851809 -0.000219760084292 0.000345552980434 
1508 -27.734 1.64332 12.115 1.75845943886e-05 794.71875 345.35446167 295.967407227 0.00072029128205 -0.000224594259635 -0.000495697022416 0.0007371280808 
1510 -27.7327 1.639 12.115 1.77801193786e-05 821.637145996 367.493225098 328.261749268 0.000750855600927 -0.000239389759372 -0.000511465885211 0.00076718442142 
2344 -27.7361 1.64732 11.8324 1.95709362742e-05 733.594726562 286.454406738 246.601013184 0.00041576824151 -0.000145148907905 -0.000270619319053 0.000422048266046 
2346 -27.734 1.64332 11.8324 1.91386370716e-05 796.999084473 340.209075928 288.768341064 0.000827556301374 -0.000253087986493 -0.000574468285777 0.00084812293062 
2348 -27.7327 1.639 11.8324 1.93513333215e-05 823.591247559 360.66696167 319.899719238 0.000862733402755 -0.000270046002697 -0.00059268734185 0.000882680003997 
3182 -27.7361 1.64732 11.5247 2.13034600165e-05 755.155822754 312.516052246 259.850219727 0.000481516733998 -0.000157995687914 -0.000323521060636 0.000490916718263 
3184 -27.734 1.64332 11.5247 2.08330857276e-05 820.610961914 367.452972412 302.820617676 0.000908972171601 -0.00026069697924 -0.000648275134154 0.000936116324738 
3186 -27.7327 1.639 11.5247 2.10647085623e-05 848.371459961 389.040008545 333.932861328 0.000947363034356 -0.000277601066045 -0.000669761968311 0.000974091351964 
4020 -27.7361 1.64732 11.1898 2.31870653806e-05 761.505981445 316.596588135 260.798797607 0.000535455474164 -0.000172358151758 -0.00036309735151 0.000546672265045 
4022 -27.734 1.64332 11.1898 2.26750544243e-05 827.252624512 370.622650146 302.87322998 0.000978490337729 -0.000275275437161 -0.000703214900568 0.00100920791738 
4024 -27.7327 1.639 11.1898 2.2927106329e-05 855.007751465 391.689056396 333.22454834 0.00101993430872 -0.000293078133836 -0.000726856233086 0.00105027924292 
4858 -27.7361 1.64732 10.8254 2.52381796599e-05 772.675170898 328.831268311 266.563140869 0.000582249893341 -0.000181279639946 -0.000400970253395 0.000595913792495 
4860 -27.734 1.64332 10.8254 2.46809904638e-05 839.567382812 383.276885986 309.048797607 0.00103517249227 -0.000281583459582 -0.000753588974476 0.00107044482138 
4862 -27.7327 1.639 10.8254 2.49553904723e-05 867.92364502 404.82635498 339.309356689 0.0010795899434 -0.000299598672427 -0.00077999138739 0.00111468997784 
5549 -27.7392 1.65062 10.4287 2.81484590232e-05 689.401428223 252.346710205 196.504196167 0.000100344070233 -3.63133221981e-05 -6.40307553113e-05 0.000101633988379 
5696 -27.7361 1.64732 10.4287 2.74698686553e-05 778.782897949 333.576446533 268.054473877 0.000625050568487 -0.000191070983419 -0.000433979585068 0.000640599930193 
5698 -27.734 1.64332 10.4287 2.68634194072e-05 846.078796387 387.603912354 310.41394043 0.00108579546213 -0.000290397350909 -0.000795398082118 0.00112426350825 
5700 -27.7327 1.639 10.4287 2.71620701824e-05 874.588134766 409.04006958 340.313964844 0.00113312096801 -0.000309000606649 -0.000824120244943 0.00117154093459 
6387 -27.7392 1.65062 9.99691 3.06376496155e-05 695.664978027 259.516021729 199.238433838 0.000128382191178 -4.565920608e-05 -8.27229814604e-05 0.000130180240376 
6534 -27.7361 1.64732 9.99691 2.98991963064e-05 786.284729004 341.076965332 271.293762207 0.00066345569212 -0.000198244582862 -0.000465211109258 0.000681133824401 
6536 -27.734 1.64332 9.99691 2.92391960102e-05 854.311218262 395.221679688 313.942596436 0.00113035261165 -0.00029575440567 -0.000834598147776 0.00117238541134 
6538 -27.7327 1.639 9.99691 2.95642912533e-05 883.191101074 416.902801514 343.726715088 0.00118031410966 -0.000314615928801 -0.000865698268171 0.00122248358093 
7225 -27.7392 1.65062 9.52697 3.33465759468e-05 700.439453125 264.316040039 201.040679932 0.000155435627676 -5.45355724171e-05 -0.000100900055259 0.000157754504471 
7372 -27.7361 1.64732 9.52697 3.25428700307e-05 791.708496094 345.542144775 272.998901367 0.000698822317645 -0.000205544609344 -0.000493277679197 0.000718305876944 
7374 -27.734 1.64332 9.52697 3.18245402013e-05 860.14642334 399.469268799 315.630981445 0.00117137131747 -0.000302034808556 -0.000869336479809 0.00121630344074 
7376 -27.7327 1.639 9.52697 3.21783809341e-05 889.207580566 421.143920898 345.180511475 0.00122377334628 -0.000321278639603 -0.000902494764887 0.00126898393501 
8063 -27.7392 1.65062 9.01549 3.62952305295e-05 705.295837402 269.598968506 203.143371582 0.000179697351996 -6.20948994765e-05 -0.000117602452519 0.000182565345312 
8210 -27.7361 1.64732 9.01549 3.54205585609e-05 797.415771484 350.88104248 275.28036499 0.000730912492145 -0.000211377293454 -0.000519535155036 0.000752264400944 
8212 -27.734 1.64332 9.01549 3.46387714671e-05 866.377441406 404.817962646 318.054870605 0.00120833760593 -0.000306589150568 -0.000901748484466 0.00125624728389 
8214 -27.7327 1.639 9.01549 3.50239242835e-05 895.701416016 426.634002686 347.486297607 0.00126300239936 -0.000326063163811 -0.00093693920644 0.00131135759875 
8901 -27.7392 1.65062 8.4588 3.95043680328e-05 709.320983887 273.658172607 204.757980347 0.00020245158521 -6.90830202075e-05 -0.000133368565002 0.000205859803827 
9048 -27.7361 1.64732 8.4588 3.85524181183e-05 802.060424805 354.764404297 276.861236572 0.000760611146688 -0.00021705328254 -0.000543557864148 0.000783632742241 
9050 -27.734 1.64332 8.4588 3.77015385311e-05 871.390991211 408.568756104 319.642272949 0.00124243169557 -0.000311352283461 -0.000931079441216 0.00129292800557 
9052 -27.7327 1.639 8.4588 3.8120753743e-05 900.889892578 430.414154053 348.909057617 0.00129915808793 -0.000331096409354 -0.000968061736785 0.00135023985058 
9739 -27.7392 1.65062 7.85288 4.29972351412e-05 713.226745605 277.763153076 206.455657959 0.000223221868509 -7.52174455556e-05 -0.00014800443023 0.000227177966735 
9886 -27.7362 1.64732 7.85288 4.19611969846e-05 806.61932373 358.83996582 278.611633301 0.00078762229532 -0.000221817317652 -0.000565805006772 0.000812285812572 
9888 -27.734 1.64332 7.85288 4.10351349274e-05 876.350402832 412.616699219 321.469268799 0.00127333006822 -0.000315147743095 -0.000958182266913 0.00132635061163 
9890 -27.7327 1.639 7.85288 4.14914356952e-05 906.051208496 434.553710938 350.629882812 0.00133196276147 -0.00033508305205 -0.000996879651211 0.00138571625575 
10577 -27.7392 1.65062 7.19341 4.67988393211e-05 716.591369629 281.14074707 207.861480713 0.000242411813815 -8.08067488833e-05 -0.000161605072208 0.000246894807788 
10724 -27.7362 1.64732 7.19341 4.56712623418e-05 810.518493652 362.100250244 279.986602783 0.000812443671748 -0.000226300224313 -0.000586143461987 0.000838596897665 
10726 -27.734 1.64332 7.19341 4.46633566753e-05 880.563659668 415.78692627 322.855010986 0.00130158953834 -0.000318856094964 -0.000982733443379 0.00135685352143 
10728 -27.7327 1.639 7.19341 4.51600099041e-05 910.416809082 437.761871338 351.894592285 0.00136197870597 -0.000338991230819 -0.00102298741695 0.00141810777131 
11415 -27.7392 1.65062 6.47563 5.09365054313e-05 719.733398438 284.363525391 209.236114502 0.000259784283116 -8.57197010191e-05 -0.000174064596649 0.000264779577265 
11562 -27.7362 1.64732 6.47563 4.97093024023e-05 814.177612305 365.272125244 281.362060547 0.000834844424389 -0.000230137666222 -0.000604706758168 0.000862409884576 
11564 -27.734 1.64332 6.47563 4.86123281007e-05 884.536865234 418.922088623 324.273101807 0.00132707622834 -0.000321945379255 -0.00100513081998 0.00138445547782 
11566 -27.7327 1.639 6.47563 4.91529099236e-05 914.546630859 440.958648682 353.220458984 0.00138902827166 -0.000342230254319 -0.00104679807555 0.00144739914685 
12253 -27.7392 1.65062 5.69441 5.54398684471e-05 722.452941895 287.074279785 210.403442383 0.000275464990409 -9.00992454262e-05 -0.000185365744983 0.000280937820207 
12400 -27.7362 1.64732 5.69441 5.41042245459e-05 817.331054688 367.894989014 282.490936279 0.000854966114275 -0.000233618804486 -0.000621347280685 0.00088379700901 
12402 -27.734 1.64332 5.69441 5.2910301747e-05 887.948059082 421.484008789 325.413848877 0.00134989409707 -0.000324808235746 -0.00102508580312 0.00140914216172 
12404 -27.7327 1.639 5.69441 5.34986866114e-05 918.085571289 443.55770874 354.272460938 0.00141328037716 -0.000345242209733 -0.00106803816743 0.0014736346202 
13091 -27.7392 1.65062 4.84412 6.03413318458e-05 724.879455566 289.52053833 211.473388672 0.000289229297778 -9.38604061957e-05 -0.000195368906134 0.000295142323012 
13238 -27.7362 1.64732 4.84412 5.88876646361e-05 820.157165527 370.293487549 283.54385376 0.000872625038028 -0.000236569976551 -0.000636055076029 0.000902601808775 
13240 -27.734 1.64332 4.84412 5.7588218624e-05 891.008544922 423.843933105 326.484619141 0.00136986374855 -0.000327191635733 -0.00104267220013 0.00143079308327 
13242 -27.7327 1.639 4.84412 5.82286411372e-05 921.26550293 445.961151123 355.272369385 0.00143447704613 -0.00034773859079 -0.00108673842624 0.00149661512114 
13929 -27.7392 1.65062 3.91866 6.56760166748e-05 726.899414062 291.520812988 212.354949951 0.000300991319818 -9.70419932855e-05 -0.000203949341085 0.000307289708871 
14076 -27.7361 1.64732 3.91866 6.40938815195e-05 822.500427246 372.231048584 284.387451172 0.000887649541255 -0.000239086904912 -0.000648562621791 0.000918603152968 
14078 -27.734 1.64332 3.91866 6.26795881544e-05 893.549438477 425.745269775 327.341369629 0.00138691207394 -0.000329262285959 -0.00105764972977 0.00144926842768 
14080 -27.7327 1.639 3.91866 6.33766394458e-05 923.899963379 447.88885498 356.061004639 0.00145258288831 -0.000349909911165 -0.00110267288983 0.00151623645797 
14767 -27.7392 1.65062 2.9114 7.14822017471e-05 728.545654297 293.160919189 213.088439941 0.000310477887979 -9.95703157969e-05 -0.00021090755763 0.000317097001243 
14914 -27.7361 1.64732 2.9114 6.97602372384e-05 824.411621094 373.829589844 285.09576416 0.000899710052181 -0.000241064044531 -0.000658645993099 0.000931462971494 
14916 -27.734 1.64332 2.9114 6.82209429215e-05 895.6171875 427.316223145 328.058563232 0.0014005136909 -0.000330864771968 -0.00106964888982 0.00146402756218 
14918 -27.7327 1.639 2.9114 6.89796288498e-05 926.051147461 449.491638184 356.734710693 0.00146709312685 -0.00035159586696 -0.0011154973181 0.00153198209591 
15605 -27.7392 1.65062 1.81509 7.78014946263e-05 729.717895508 294.315155029 213.607421875 0.000317324069329 -0.000101383644505 -0.000215940410271 0.000324177963194 
15752 -27.7361 1.64732 1.81509 7.59273461881e-05 825.776062012 374.953948975 285.598907471 0.000908439396881 -0.000242500187596 -0.000665939238388 0.000940770667512 
15754 -27.734 1.64332 1.81509 7.42519914638e-05 897.089111328 428.414581299 328.563110352 0.00141030037776 -0.000332033203449 -0.0010782671161 0.00147464335896 
15756 -27.7327 1.639 1.81509 7.50777544454e-05 927.576904297 450.605438232 357.202270508 0.00147746957373 -0.000352817267412 -0.00112465233542 0.00154323817696 
16443 -27.7392 1.65062 0.621865 8.46792754601e-05 730.357666016 294.947509766 213.897094727 0.000321008556057 -0.000102352401882 -0.000218656176003 0.000327990739606 
16590 -27.7361 1.64732 0.621865 8.26394752949e-05 826.520812988 375.572479248 285.882202148 0.000913113006391 -0.000243260816205 -0.000669852190185 0.000945756852161 
16592 -27.734 1.64332 0.621865 8.08160257293e-05 897.893676758 429.022125244 328.850097656 0.00141554081347 -0.000332649913616 -0.00108289089985 0.00148033117875 
16594 -27.7327 1.639 0.621865 8.17147956695e-05 928.412414551 451.223602295 357.472351074 0.00148302316666 -0.000353461655322 -0.00112956145313 0.00154926627874 