6 618 
521    -27.7472000    1.6508100    12.3729000    0.0000170    1066.2401123    532.5380859    324.5961914    0.0096260    -0.0022774    -0.0073486    0.0101791    nan    nan
522    -27.7381000    1.6625600    12.3729000    0.0000315    958.6979370    369.9001465    312.4916382    0.0021320    -0.0009110    -0.0012210    0.0021600    nan    nan
523    -27.7511000    1.6531400    12.3729000    0.0000170    954.8231201    412.8649902    240.3603516    0.0068039    -0.0017870    -0.0050169    0.0071431    nan    nan
524    -27.7454000    1.6668500    12.3729000    0.0000315    842.6887817    269.3618164    184.0395050    0.0021251    -0.0008633    -0.0012618    0.0021567    nan    nan
525    -27.7555000    1.6543700    12.3729000    0.0000169    814.8687744    268.1997681    129.9708099    0.0040162    -0.0012084    -0.0028079    0.0041664    nan    nan
526    -27.7535000    1.6691000    12.3729000    0.0000314    725.4763794    164.8553009    70.9952850    0.0014384    -0.0005657    -0.0008727    0.0014607    nan    nan
542    -27.7126000    1.6957900    12.3729000    0.0000977    735.8198853    226.3471375    90.3640671    0.0001414    -0.0000422    -0.0000992    0.0001458    nan    nan
543    -27.7290000    1.7076100    12.3729000    0.0001078    663.4724121    128.5159302    43.4608765    0.0001065    -0.0000400    -0.0000665    0.0001079    nan    nan
545    -27.7228000    1.6824900    12.3729000    0.0000507    813.7918091    270.0848389    165.3258057    0.0006430    -0.0002310    -0.0004120    0.0006549    nan    nan
546    -27.7357000    1.6911500    12.3729000    0.0000572    725.0848389    161.3965149    92.4276352    0.0005826    -0.0002403    -0.0003423    0.0005892    nan    nan
547    -27.7501000    1.6973800    12.3729000    0.0000633    626.9110107    82.1160965    6.6851110    0.0001624    -0.0000652    -0.0000971    0.0001639    nan    nan
548    -27.7302000    1.6728100    12.3729000    0.0000327    879.6604004    305.2527771    236.8858337    0.0012905    -0.0005213    -0.0007693    0.0013079    nan    nan
549    -27.7405000    1.6790500    12.3729000    0.0000344    787.1630249    210.4602509    146.8044128    0.0012710    -0.0005377    -0.0007334    0.0012856    nan    nan
550    -27.7518000    1.6828300    12.3729000    0.0000378    675.0413818    114.4049683    37.9699211    0.0006773    -0.0002752    -0.0004021    0.0006856    nan    nan
581    -27.7605000    1.6845300    12.3729000    0.0000205    601.8596191    57.7010269    -21.7404594    0.0001348    -0.0000548    -0.0000800    0.0001359    nan    nan
663    -27.7650000    1.6697500    12.3729000    0.0000179    574.8892212    27.2539177    -43.5062637    0.0001439    -0.0000603    -0.0000836    0.0001447    nan    nan
664    -27.7642000    1.6547500    12.3729000    0.0000159    551.5640869    14.1412897    -50.0665779    0.0001180    -0.0000526    -0.0000654    0.0001183    nan    nan
665    -27.7602000    1.6697100    12.3729000    0.0000183    635.8559570    77.4962158    -4.5404077    0.0006704    -0.0002689    -0.0004015    0.0006773    nan    nan
666    -27.7599000    1.6547100    12.3729000    0.0000160    662.4346924    95.5494614    26.6774445    0.0012333    -0.0004948    -0.0007385    0.0012471    nan    nan
667    -27.7323000    1.6564300    12.3729000    0.0000323    1062.5742188    505.5579224    401.5116577    0.0019748    -0.0007363    -0.0012385    0.0020182    nan    nan
668    -27.7441000    1.6474600    12.3729000    0.0000165    1148.3847656    626.0567627    383.6890564    0.0122058    -0.0026578    -0.0095480    0.0129664    nan    nan
669    -27.7282000    1.6489800    12.3728000    0.0000326    1139.6722412    626.7595825    460.9407654    0.0018658    -0.0005677    -0.0012981    0.0019350    nan    nan
670    -27.7419000    1.6434100    12.3728000    0.0000162    1198.4135742    682.5024414    421.1902771    0.0142197    -0.0028818    -0.0113380    0.0151682    nan    nan
671    -27.7259000    1.6409200    12.3728000    0.0000315    1180.7958984    691.5213013    494.1539917    0.0018348    -0.0004915    -0.0013432    0.0019210    nan    nan
672    -27.7406000    1.6390300    12.3728000    0.0000164    1221.3721924    706.2872314    441.7304077    0.0144990    -0.0029656    -0.0115334    0.0154491    nan    nan
680    -27.7031000    1.6588200    12.3728000    0.0000570    841.0495605    510.2473145    167.6529541    0.0001215    0.0000048    -0.0001263    0.0001435    nan    nan
681    -27.7116000    1.6718700    12.3729000    0.0000540    858.5557861    392.8907776    182.5424042    0.0003807    -0.0000788    -0.0003020    0.0004038    nan    nan
682    -27.7118000    1.6426300    12.3728000    0.0000392    935.4300537    672.0897827    252.5095367    0.0002909    0.0000414    -0.0003323    0.0003629    nan    nan
683    -27.7155000    1.6540000    12.3728000    0.0000357    958.6799316    569.4597168    264.7146912    0.0005227    -0.0000385    -0.0004842    0.0005848    nan    nan
684    -27.7217000    1.6643700    12.3729000    0.0000343    938.2719116    431.1726685    265.3864136    0.0009259    -0.0002589    -0.0006670    0.0009612    nan    nan
1359    -27.7472000    1.6508400    12.1134000    0.0000185    1211.8625488    752.0840454    434.5164490    0.0113435    -0.0015101    -0.0098334    0.0124076    nan    nan
1360    -27.7382000    1.6625800    12.1133000    0.0000344    1132.0843506    567.3459473    471.2506714    0.0020474    -0.0007919    -0.0012555    0.0020822    nan    nan
1361    -27.7512000    1.6531700    12.1134000    0.0000185    1092.0032959    615.0987549    339.4584656    0.0081914    -0.0012622    -0.0069292    0.0088864    nan    nan
1362    -27.7455000    1.6668700    12.1134000    0.0000343    979.1262817    439.6123657    299.3668213    0.0021579    -0.0007322    -0.0014257    0.0022115    nan    nan
1363    -27.7556000    1.6544100    12.1134000    0.0000185    938.2322998    444.5695190    216.0352020    0.0050977    -0.0009394    -0.0041583    0.0054617    nan    nan
1364    -27.7536000    1.6691300    12.1134000    0.0000341    830.8437500    298.8518982    155.6082611    0.0016400    -0.0005439    -0.0010962    0.0016831    nan    nan
1380    -27.7127000    1.6958100    12.1133000    0.0001064    860.7661133    324.7406921    224.6455841    0.0001039    -0.0000391    -0.0000648    0.0001053    nan    nan
1381    -27.7291000    1.7076300    12.1133000    0.0001174    763.5717773    204.8113709    149.5442505    0.0001393    -0.0000603    -0.0000789    0.0001401    nan    nan
1383    -27.7229000    1.6825100    12.1133000    0.0000552    956.9722900    384.7296143    328.4541016    0.0006337    -0.0002725    -0.0003613    0.0006397    nan    nan
1384    -27.7358000    1.6911700    12.1133000    0.0000623    844.3942871    273.0012817    214.4930573    0.0007024    -0.0002980    -0.0004043    0.0007099    nan    nan
1385    -27.7502000    1.6974100    12.1134000    0.0000689    713.3961792    151.2134247    91.9627380    0.0002662    -0.0001107    -0.0001555    0.0002684    nan    nan
1386    -27.7303000    1.6728200    12.1133000    0.0000356    1032.7557373    455.6258850    392.8784790    0.0012906    -0.0005574    -0.0007333    0.0013053    nan    nan
1387    -27.7405000    1.6790700    12.1133000    0.0000375    917.2084351    362.1231079    259.2737122    0.0014533    -0.0005595    -0.0008938    0.0014788    nan    nan
1388    -27.7519000    1.6828600    12.1134000    0.0000412    779.2272949    229.1479797    129.3993225    0.0009409    -0.0003523    -0.0005886    0.0009580    nan    nan
1419    -27.7606000    1.6845600    12.1134000    0.0000223    680.2473145    121.3063049    49.2105255    0.0002895    -0.0001141    -0.0001753    0.0002921    nan    nan
1501    -27.7651000    1.6697900    12.1134000    0.0000195    633.4882812    81.7811279    6.6300755    0.0001891    -0.0000726    -0.0001165    0.0001909    nan    nan
1502    -27.7643000    1.6547900    12.1134000    0.0000173    632.1870728    86.7862320    13.7119818    0.0001948    -0.0000733    -0.0001215    0.0001968    nan    nan
1503    -27.7602000    1.6697500    12.1134000    0.0000200    721.2208862    182.7217102    60.4435081    0.0009545    -0.0003289    -0.0006256    0.0009727    nan    nan
1504    -27.7600000    1.6547500    12.1134000    0.0000174    766.7179565    240.8845673    90.8990479    0.0016685    -0.0004631    -0.0012054    0.0017279    nan    nan
1505    -27.7324000    1.6564400    12.1133000    0.0000352    1272.6613769    690.3944092    632.2909546    0.0019099    -0.0008068    -0.0011032    0.0019366    nan    nan
1506    -27.7441000    1.6474900    12.1134000    0.0000180    1294.6986084    848.0993652    499.4003601    0.0142929    -0.0016723    -0.0126206    0.0157300    nan    nan
1507    -27.7283000    1.6489900    12.1133000    0.0000355    1378.5462647    799.1132202    739.8619385    0.0019138    -0.0008276    -0.0010862    0.0019411    nan    nan
1508    -27.7420000    1.6434300    12.1134000    0.0000176    1345.6938477    905.1381836    539.9443359    0.0166695    -0.0017538    -0.0149157    0.0184224    nan    nan
1509    -27.7260000    1.6409200    12.1133000    0.0000343    1440.3013916    864.5056152    798.9873657    0.0019866    -0.0008562    -0.0011304    0.0020161    nan    nan
1510    -27.7407000    1.6390400    12.1134000    0.0000178    1369.0057373    931.1035156    560.9957886    0.0170044    -0.0017850    -0.0152193    0.0187902    nan    nan
1519    -27.7117000    1.6718800    12.1133000    0.0000588    1022.9799805    513.3870850    366.6085815    0.0002672    -0.0000832    -0.0001840    0.0002750    nan    nan
1521    -27.7156000    1.6540000    12.1133000    0.0000389    1168.5769043    715.7586670    492.3967896    0.0002687    -0.0000621    -0.0002066    0.0002826    nan    nan
1522    -27.7218000    1.6643800    12.1133000    0.0000374    1116.4819336    562.5796509    472.8540344    0.0007484    -0.0002936    -0.0004548    0.0007590    nan    nan
2197    -27.7473000    1.6508500    11.8308000    0.0000201    1144.3098144    679.9179077    362.7813110    0.0121656    -0.0016694    -0.0104962    0.0132762    nan    nan
2198    -27.7382000    1.6625800    11.8308000    0.0000374    1103.7504883    535.4460449    441.2431030    0.0022129    -0.0008615    -0.0013514    0.0022483    nan    nan
2199    -27.7512000    1.6531900    11.8308000    0.0000201    1042.1102295    565.1326294    284.5252075    0.0087889    -0.0013433    -0.0074456    0.0095326    nan    nan
2200    -27.7455000    1.6668800    11.8308000    0.0000373    960.1759644    425.9506836    274.4323120    0.0023196    -0.0007543    -0.0015653    0.0023827    nan    nan
2201    -27.7556000    1.6544200    11.8308000    0.0000201    906.0202026    417.6463928    178.3478394    0.0053951    -0.0009461    -0.0044490    0.0057949    nan    nan
2202    -27.7536000    1.6691500    11.8308000    0.0000372    820.3521729    301.3254089    136.3693542    0.0017517    -0.0005323    -0.0012193    0.0018077    nan    nan
2218    -27.7127000    1.6958100    11.8308000    0.0001158    885.0220947    323.0750122    268.1214294    0.0001026    -0.0000441    -0.0000586    0.0001033    nan    nan
2219    -27.7292000    1.7076400    11.8308000    0.0001278    787.6273193    221.1125488    176.9971924    0.0001739    -0.0000768    -0.0000971    0.0001748    nan    nan
2221    -27.7229000    1.6825100    11.8308000    0.0000601    966.0780029    377.3511658    350.0870056    0.0006675    -0.0003111    -0.0003564    0.0006722    nan    nan
2222    -27.7358000    1.6911800    11.8308000    0.0000678    855.4861450    294.4636230    215.8883972    0.0007780    -0.0003107    -0.0004673    0.0007884    nan    nan
2223    -27.7502000    1.6974200    11.8308000    0.0000751    729.6802979    182.1585846    94.5966797    0.0003251    -0.0001230    -0.0002020    0.0003294    nan    nan
2224    -27.7303000    1.6728300    11.8308000    0.0000388    1024.1633301    448.0929871    380.7891846    0.0013986    -0.0005995    -0.0007991    0.0014144    nan    nan
2225    -27.7406000    1.6790800    11.8308000    0.0000408    913.6019897    371.1388245    245.3178406    0.0015974    -0.0005721    -0.0010254    0.0016323    nan    nan
2226    -27.7519000    1.6828700    11.8308000    0.0000448    783.3682861    252.0470734    120.2149429    0.0010538    -0.0003552    -0.0006986    0.0010805    nan    nan
2257    -27.7606000    1.6845700    11.8308000    0.0000242    693.1953125    155.2710419    46.3717422    0.0003414    -0.0001182    -0.0002232    0.0003472    nan    nan
2339    -27.7651000    1.6698100    11.8308000    0.0000212    642.5944214    115.0408707    0.6672421    0.0002047    -0.0000687    -0.0001359    0.0002084    nan    nan
2340    -27.7643000    1.6548100    11.8308000    0.0000188    634.7478638    108.7358398    5.0645199    0.0001850    -0.0000633    -0.0001217    0.0001881    nan    nan
2341    -27.7603000    1.6697600    11.8308000    0.0000217    718.5683594    200.1145325    46.0809708    0.0010046    -0.0003080    -0.0006966    0.0010318    nan    nan
2342    -27.7600000    1.6547700    11.8308000    0.0000190    749.2279053    235.6538544    66.8354111    0.0016983    -0.0004322    -0.0012661    0.0017692    nan    nan
2343    -27.7324000    1.6564400    11.8308000    0.0000383    1236.6900635    636.4337769    605.3805542    0.0021008    -0.0009441    -0.0011567    0.0021241    nan    nan
2344    -27.7442000    1.6475000    11.8308000    0.0000196    1214.3581543    759.4381714    415.5809021    0.0152776    -0.0019006    -0.0133770    0.0167516    nan    nan
2345    -27.7283000    1.6489900    11.8308000    0.0000387    1336.8199463    723.7800293    719.5985718    0.0021343    -0.0010451    -0.0010892    0.0021567    nan    nan
2346    -27.7420000    1.6434300    11.8308000    0.0000192    1256.2258301    805.5731812    447.3023682    0.0177586    -0.0020334    -0.0157252    0.0195385    nan    nan
2347    -27.7261000    1.6409200    11.8308000    0.0000373    1396.6781006    788.8490601    773.2131348    0.0022359    -0.0010991    -0.0011368    0.0022601    nan    nan
2348    -27.7407000    1.6390400    11.8308000    0.0000194    1275.1496582    826.0643311    464.2117920    0.0180686    -0.0020884    -0.0159802    0.0198650    nan    nan
2357    -27.7118000    1.6718800    11.8308000    0.0000640    1034.4285889    500.0303650    391.1129150    0.0002551    -0.0000931    -0.0001620    0.0002597    nan    nan
2358    -27.7119000    1.6426300    11.8308000    0.0000465    1157.8780518    804.8320312    498.3684082    0.0001002    -0.0000130    -0.0000872    0.0001090    nan    nan
2359    -27.7156000    1.6540000    11.8308000    0.0000423    1162.2097168    690.5178223    491.5447388    0.0002883    -0.0000786    -0.0002097    0.0002991    nan    nan
2360    -27.7218000    1.6643800    11.8308000    0.0000407    1107.5817871    531.9804688    477.5084229    0.0007978    -0.0003488    -0.0004490    0.0008046    nan    nan
3035    -27.7473000    1.6508600    11.5232000    0.0000219    1199.3251953    743.6506958    413.1999207    0.0127413    -0.0015575    -0.0111838    0.0139835    nan    nan
3036    -27.7383000    1.6625900    11.5232000    0.0000407    1147.3328857    590.4686279    476.2299805    0.0023320    -0.0008476    -0.0014843    0.0023793    nan    nan
3037    -27.7512000    1.6532000    11.5232000    0.0000219    1085.3482666    617.0017090    322.4165955    0.0092536    -0.0012729    -0.0079807    0.0100922    nan    nan
3038    -27.7455000    1.6668900    11.5232000    0.0000406    992.5563965    466.5761719    301.2744446    0.0024348    -0.0007483    -0.0016865    0.0025110    nan    nan
3039    -27.7556000    1.6544400    11.5232000    0.0000219    937.6145630    457.1065674    204.0323334    0.0057474    -0.0009197    -0.0048277    0.0062069    nan    nan
3040    -27.7537000    1.6691600    11.5232000    0.0000405    841.4228516    328.8353271    152.7937317    0.0018662    -0.0005393    -0.0013269    0.0019331    nan    nan
3056    -27.7127000    1.6958200    11.5232000    0.0001261    904.3060303    335.1873779    290.8695679    0.0001286    -0.0000570    -0.0000716    0.0001294    nan    nan
3057    -27.7292000    1.7076500    11.5232000    0.0001391    801.6947632    235.1975250    188.7897949    0.0002080    -0.0000909    -0.0001171    0.0002094    nan    nan
3059    -27.7229000    1.6825200    11.5232000    0.0000654    990.0214233    402.9372559    371.0178833    0.0007319    -0.0003365    -0.0003954    0.0007375    nan    nan
3060    -27.7358000    1.6911900    11.5232000    0.0000738    873.6675415    317.2303772    229.2930603    0.0008552    -0.0003324    -0.0005228    0.0008682    nan    nan
3061    -27.7502000    1.6974300    11.5232000    0.0000817    739.7306519    196.8449707    100.1364365    0.0003800    -0.0001394    -0.0002405    0.0003861    nan    nan
3062    -27.7304000    1.6728300    11.5232000    0.0000422    1054.0240478    485.4394836    403.8134460    0.0014788    -0.0006085    -0.0008703    0.0014983    nan    nan
3063    -27.7406000    1.6790900    11.5232000    0.0000444    936.2344971    400.3934021    262.6356201    0.0017052    -0.0005866    -0.0011187    0.0017474    nan    nan
3064    -27.7519000    1.6828800    11.5232000    0.0000488    798.8099976    273.4980469    130.6254120    0.0011604    -0.0003770    -0.0007834    0.0011934    nan    nan
3095    -27.7606000    1.6845900    11.5232000    0.0000264    700.3367920    167.7087402    48.7942963    0.0004158    -0.0001385    -0.0002773    0.0004241    nan    nan
3177    -27.7652000    1.6698200    11.5232000    0.0000231    646.1552734    121.5815964    -0.9370229    0.0002359    -0.0000764    -0.0001595    0.0002408    nan    nan
3178    -27.7643000    1.6548200    11.5232000    0.0000205    645.0020752    124.3748016    7.0110502    0.0002404    -0.0000771    -0.0001633    0.0002456    nan    nan
3179    -27.7603000    1.6697800    11.5232000    0.0000237    731.8699341    218.7502136    54.8019333    0.0011123    -0.0003269    -0.0007854    0.0011460    nan    nan
3180    -27.7601000    1.6547900    11.5232000    0.0000207    770.0989380    264.4876404    81.4984741    0.0018721    -0.0004426    -0.0014295    0.0019611    nan    nan
3181    -27.7324000    1.6564500    11.5232000    0.0000417    1289.2800293    704.1184692    643.6334839    0.0022361    -0.0009252    -0.0013109    0.0022686    nan    nan
3182    -27.7442000    1.6475100    11.5232000    0.0000214    1277.8481445    830.6182251    475.1689758    0.0159599    -0.0017519    -0.0142080    0.0176005    nan    nan
3183    -27.7284000    1.6490000    11.5232000    0.0000421    1394.6230469    796.2562866    761.1810913    0.0022850    -0.0010204    -0.0012646    0.0023138    nan    nan
3184    -27.7420000    1.6434400    11.5232000    0.0000209    1325.9226074    882.2779541    513.3914795    0.0185333    -0.0018631    -0.0166701    0.0205058    nan    nan
3185    -27.7261000    1.6409200    11.5232000    0.0000406    1456.0805664    853.5195312    825.0922852    0.0023939    -0.0010978    -0.0012961    0.0024236    nan    nan
3186    -27.7407000    1.6390400    11.5232000    0.0000211    1347.6490478    905.4502563    533.2014771    0.0188446    -0.0019087    -0.0169359    0.0208380    nan    nan
3195    -27.7118000    1.6718900    11.5232000    0.0000697    1063.8354492    521.4655151    423.9017029    0.0003065    -0.0001172    -0.0001893    0.0003111    nan    nan
3196    -27.7120000    1.6426300    11.5232000    0.0000506    1208.1387940    834.7797852    546.1998901    0.0001197    -0.0000204    -0.0000994    0.0001282    nan    nan
3197    -27.7157000    1.6540100    11.5232000    0.0000461    1206.6490478    722.2682495    538.6148682    0.0003233    -0.0000973    -0.0002259    0.0003328    nan    nan
3198    -27.7218000    1.6643900    11.5232000    0.0000443    1144.6013184    563.0485229    517.8337402    0.0008506    -0.0003817    -0.0004689    0.0008570    nan    nan
3873    -27.7473000    1.6508700    11.1884000    0.0000238    1177.8328857    724.9058228    388.3391418    0.0133113    -0.0015775    -0.0117338    0.0146290    nan    nan
3874    -27.7383000    1.6625900    11.1884000    0.0000443    1148.1397705    594.9890137    472.7047119    0.0024549    -0.0008734    -0.0015816    0.0025084    nan    nan
3875    -27.7513000    1.6532100    11.1884000    0.0000238    1073.5765381    608.9602051    306.7585144    0.0097042    -0.0012858    -0.0084184    0.0106032    nan    nan
3876    -27.7456000    1.6669000    11.1884000    0.0000442    996.4697266    475.6202698    300.7570496    0.0025661    -0.0007618    -0.0018044    0.0026533    nan    nan
3877    -27.7557000    1.6544500    11.1884000    0.0000238    934.9934692    459.7540588    196.9344788    0.0060506    -0.0009244    -0.0051262    0.0065515    nan    nan
3878    -27.7537000    1.6691700    11.1884000    0.0000440    848.1209717    342.3277283    154.7542267    0.0019811    -0.0005440    -0.0014371    0.0020598    nan    nan
3894    -27.7128000    1.6958200    11.1884000    0.0001372    924.1447144    345.3150635    315.6244507    0.0001604    -0.0000742    -0.0000861    0.0001613    nan    nan
3895    -27.7292000    1.7076500    11.1884000    0.0001514    817.5448608    255.9223175    197.8816986    0.0002582    -0.0001085    -0.0001497    0.0002606    nan    nan
3897    -27.7229000    1.6825200    11.1884000    0.0000712    1005.7108154    421.7072449    382.4890442    0.0007971    -0.0003589    -0.0004382    0.0008037    nan    nan
3898    -27.7359000    1.6912000    11.1884000    0.0000804    889.0372925    340.1458130    237.6372833    0.0009502    -0.0003538    -0.0005964    0.0009673    nan    nan
3899    -27.7503000    1.6974400    11.1884000    0.0000889    752.5224609    217.4484558    105.3670044    0.0004515    -0.0001562    -0.0002953    0.0004608    nan    nan
3900    -27.7304000    1.6728400    11.1884000    0.0000459    1063.6922607    500.6550293    407.8984985    0.0015734    -0.0006271    -0.0009463    0.0015968    nan    nan
3901    -27.7406000    1.6790900    11.1884000    0.0000483    946.6179199    418.2257385    267.1423645    0.0018333    -0.0006017    -0.0012316    0.0018850    nan    nan
3902    -27.7520000    1.6828900    11.1884000    0.0000531    811.5268555    294.8101807    136.9126282    0.0012787    -0.0003934    -0.0008853    0.0013206    nan    nan
3933    -27.7607000    1.6846000    11.1884000    0.0000287    712.4405518    189.8660584    53.7494659    0.0004975    -0.0001549    -0.0003426    0.0005101    nan    nan
4015    -27.7652000    1.6698300    11.1884000    0.0000251    658.3239136    143.5272064    3.2303908    0.0002788    -0.0000839    -0.0001949    0.0002861    nan    nan
4016    -27.7644000    1.6548400    11.1884000    0.0000223    655.1909790    143.6658783    9.1987352    0.0002848    -0.0000856    -0.0001992    0.0002923    nan    nan
4017    -27.7603000    1.6697900    11.1884000    0.0000258    742.1010742    237.8954010    59.3868256    0.0012039    -0.0003323    -0.0008716    0.0012463    nan    nan
4018    -27.7601000    1.6548000    11.1884000    0.0000225    773.8670654    276.2820740    79.9898834    0.0019992    -0.0004462    -0.0015530    0.0021031    nan    nan
4019    -27.7324000    1.6564500    11.1884000    0.0000453    1287.8425293    704.6105957    638.1979370    0.0023538    -0.0009636    -0.0013903    0.0023895    nan    nan
4020    -27.7442000    1.6475100    11.1884000    0.0000232    1248.6085205    803.3771362    442.9534912    0.0166292    -0.0017751    -0.0148540    0.0183598    nan    nan
4021    -27.7284000    1.6490000    11.1884000    0.0000458    1392.2102051    793.9545898    755.4260254    0.0024101    -0.0010740    -0.0013360    0.0024407    nan    nan
4022    -27.7420000    1.6434400    11.1884000    0.0000227    1291.0233154    849.0615845    475.7299194    0.0192653    -0.0018867    -0.0173786    0.0213368    nan    nan
4023    -27.7261000    1.6409200    11.1884000    0.0000442    1454.6053467    851.2799072    820.4686890    0.0025335    -0.0011651    -0.0013685    0.0025646    nan    nan
4024    -27.7407000    1.6390400    11.1884000    0.0000230    1310.1223144    869.5570679    493.0260925    0.0195606    -0.0019331    -0.0176275    0.0216496    nan    nan
4033    -27.7118000    1.6718900    11.1884000    0.0000758    1081.8977051    528.5863647    448.3385925    0.0003345    -0.0001358    -0.0001987    0.0003384    nan    nan
4034    -27.7120000    1.6426300    11.1884000    0.0000550    1225.3641357    840.5027466    565.4555664    0.0001323    -0.0000252    -0.0001072    0.0001406    nan    nan
4035    -27.7157000    1.6540100    11.1884000    0.0000502    1219.6109619    725.5003052    554.8703613    0.0003358    -0.0001079    -0.0002279    0.0003440    nan    nan
4036    -27.7219000    1.6643900    11.1884000    0.0000482    1154.6561279    562.7824097    535.3955688    0.0008930    -0.0004197    -0.0004733    0.0008987    nan    nan
4711    -27.7473000    1.6508800    10.8240000    0.0000259    1197.6257324    747.4023438    405.6589050    0.0137335    -0.0015480    -0.0121855    0.0151266    nan    nan
4712    -27.7383000    1.6626000    10.8240000    0.0000482    1164.9506836    617.1693115    485.1372986    0.0025570    -0.0008788    -0.0016783    0.0026190    nan    nan
4713    -27.7513000    1.6532200    10.8240000    0.0000259    1088.3472900    627.2501221    318.6166687    0.0100405    -0.0012667    -0.0087738    0.0109968    nan    nan
4714    -27.7456000    1.6669100    10.8240000    0.0000482    1008.7974853    492.4315186    309.8778076    0.0026612    -0.0007648    -0.0018964    0.0027583    nan    nan
4715    -27.7557000    1.6544600    10.8240000    0.0000259    944.9785767    473.5717773    203.7438202    0.0062842    -0.0009164    -0.0053678    0.0068218    nan    nan
4716    -27.7537000    1.6691800    10.8240000    0.0000479    855.8170776    354.1598511    159.5177917    0.0020666    -0.0005484    -0.0015182    0.0021542    nan    nan
4732    -27.7128000    1.6958200    10.8240000    0.0001493    935.7789307    351.6092834    330.2125244    0.0001925    -0.0000911    -0.0001014    0.0001936    nan    nan
4733    -27.7292000    1.7076600    10.8240000    0.0001648    827.0255737    268.2459717    202.8695831    0.0002966    -0.0001215    -0.0001751    0.0002998    nan    nan
4735    -27.7230000    1.6825300    10.8240000    0.0000775    1016.4950561    435.6483765    389.3921814    0.0008501    -0.0003758    -0.0004743    0.0008578    nan    nan
4736    -27.7359000    1.6912000    10.8240000    0.0000875    897.7911377    353.1795959    242.5021057    0.0010128    -0.0003683    -0.0006445    0.0010329    nan    nan
4737    -27.7503000    1.6974500    10.8240000    0.0000968    758.8583984    228.7327271    107.7087784    0.0005062    -0.0001700    -0.0003362    0.0005179    nan    nan
4738    -27.7304000    1.6728400    10.8240000    0.0000500    1075.2553711    516.4377441    415.5053101    0.0016415    -0.0006380    -0.0010035    0.0016682    nan    nan
4739    -27.7406000    1.6791000    10.8240000    0.0000526    955.2733765    431.3084412    272.3480530    0.0019186    -0.0006116    -0.0013069    0.0019770    nan    nan
4740    -27.7520000    1.6829000    10.8240000    0.0000578    818.0071411    306.0232544    139.8639679    0.0013591    -0.0004054    -0.0009537    0.0014072    nan    nan
4771    -27.7607000    1.6846100    10.8240000    0.0000313    717.1300049    199.4056244    54.5011597    0.0005621    -0.0001694    -0.0003927    0.0005777    nan    nan
4853    -27.7652000    1.6698500    10.8240000    0.0000273    661.0474243    149.6795807    2.0873995    0.0003182    -0.0000930    -0.0002252    0.0003274    nan    nan
4854    -27.7644000    1.6548500    10.8240000    0.0000242    658.7518921    151.2793274    8.5414906    0.0003253    -0.0000941    -0.0002312    0.0003349    nan    nan
4855    -27.7603000    1.6698000    10.8240000    0.0000280    746.4732056    246.3643188    60.8481560    0.0012723    -0.0003403    -0.0009319    0.0013202    nan    nan
4856    -27.7601000    1.6548100    10.8240000    0.0000245    779.8505859    286.9822693    82.5717010    0.0021084    -0.0004512    -0.0016572    0.0022249    nan    nan
4857    -27.7325000    1.6564600    10.8240000    0.0000494    1307.9847412    731.1497192    651.8350220    0.0024681    -0.0009741    -0.0014940    0.0025106    nan    nan
4858    -27.7442000    1.6475200    10.8240000    0.0000253    1272.3609619    828.9181519    464.5339661    0.0171305    -0.0017388    -0.0153917    0.0189525    nan    nan
4859    -27.7284000    1.6490000    10.8240000    0.0000499    1413.6979981    822.5447388    768.7189941    0.0025329    -0.0010877    -0.0014452    0.0025688    nan    nan
4860    -27.7421000    1.6434400    10.8240000    0.0000247    1317.6516113    876.7710571    500.3577576    0.0198258    -0.0018476    -0.0179782    0.0219985    nan    nan
4861    -27.7261000    1.6409200    10.8240000    0.0000481    1475.9213867    879.9433594    833.1514282    0.0026593    -0.0011782    -0.0014812    0.0026951    nan    nan
4862    -27.7408000    1.6390500    10.8240000    0.0000250    1337.9627685    898.2438965    518.9417725    0.0201159    -0.0018928    -0.0182231    0.0223052    nan    nan
4871    -27.7118000    1.6718900    10.8240000    0.0000826    1095.2734375    536.4248047    464.5331116    0.0003728    -0.0001556    -0.0002172    0.0003767    nan    nan
4872    -27.7120000    1.6426300    10.8240000    0.0000599    1247.9681397    850.8152466    585.5968628    0.0001527    -0.0000321    -0.0001206    0.0001611    nan    nan
4873    -27.7157000    1.6540100    10.8240000    0.0000546    1238.2426758    737.2365112    575.5587158    0.0003713    -0.0001239    -0.0002474    0.0003794    nan    nan
4874    -27.7219000    1.6643900    10.8240000    0.0000525    1169.6115723    574.3953247    552.0969238    0.0009394    -0.0004464    -0.0004931    0.0009453    nan    nan
5549    -27.7473000    1.6508900    10.4274000    0.0000282    1192.7954102    744.7257690    398.5620117    0.0141545    -0.0015484    -0.0126061    0.0156112    nan    nan
5550    -27.7383000    1.6626000    10.4274000    0.0000525    1170.7943115    626.3548584    487.6487122    0.0026561    -0.0008951    -0.0017610    0.0027244    nan    nan
5551    -27.7513000    1.6532300    10.4274000    0.0000282    1087.6606445    629.3154907    315.2617188    0.0103871    -0.0012705    -0.0091166    0.0113937    nan    nan
5552    -27.7456000    1.6669100    10.4274000    0.0000524    1015.0671387    502.1032104    313.2894897    0.0027625    -0.0007750    -0.0019874    0.0028686    nan    nan
5553    -27.7557000    1.6544700    10.4274000    0.0000282    947.9943848    479.9160461    203.7325897    0.0065298    -0.0009208    -0.0056090    0.0071013    nan    nan
5554    -27.7537000    1.6691900    10.4274000    0.0000522    862.5758057    364.9294434    163.2411499    0.0021655    -0.0005558    -0.0016097    0.0022630    nan    nan
5570    -27.7128000    1.6958300    10.4274000    0.0001626    948.2205811    360.7937927    344.4180603    0.0002312    -0.0001109    -0.0001203    0.0002326    nan    nan
5571    -27.7292000    1.7076600    10.4274000    0.0001794    837.2399292    281.6059570    208.4055786    0.0003377    -0.0001345    -0.0002032    0.0003419    nan    nan
5573    -27.7230000    1.6825300    10.4274000    0.0000843    1027.8066406    450.7088318    396.3365479    0.0009073    -0.0003931    -0.0005143    0.0009164    nan    nan
5574    -27.7359000    1.6912100    10.4274000    0.0000952    907.7050171    367.5292664    248.4866791    0.0010803    -0.0003831    -0.0006972    0.0011037    nan    nan
5575    -27.7503000    1.6974500    10.4274000    0.0001053    766.8316040    241.9332733    111.4176102    0.0005722    -0.0001857    -0.0003865    0.0005870    nan    nan
5576    -27.7304000    1.6728500    10.4274000    0.0000544    1084.3039551    529.2691650    420.8538818    0.0017149    -0.0006513    -0.0010636    0.0017451    nan    nan
5577    -27.7407000    1.6791000    10.4274000    0.0000573    963.5630493    443.8046265    277.3206177    0.0020094    -0.0006223    -0.0013871    0.0020751    nan    nan
5578    -27.7520000    1.6829100    10.4274000    0.0000629    826.4880981    319.3472290    144.6559296    0.0014496    -0.0004179    -0.0010316    0.0015049    nan    nan
5609    -27.7607000    1.6846200    10.4274000    0.0000340    725.5075684    213.7051544    58.2713127    0.0006423    -0.0001856    -0.0004567    0.0006623    nan    nan
5610    -27.7663000    1.6853600    10.4274000    0.0000362    661.3452148    150.5252838    16.8520527    0.0001177    -0.0000375    -0.0000802    0.0001203    nan    nan
5691    -27.7652000    1.6698600    10.4274000    0.0000297    668.7633057    162.6037445    5.2139416    0.0003575    -0.0000999    -0.0002576    0.0003690    nan    nan
5692    -27.7644000    1.6548600    10.4274000    0.0000264    665.5745239    163.3316193    10.7656126    0.0003675    -0.0001018    -0.0002657    0.0003796    nan    nan
5693    -27.7604000    1.6698100    10.4274000    0.0000305    754.3821411    259.2689209    65.2876129    0.0013561    -0.0003488    -0.0010073    0.0014114    nan    nan
5694    -27.7601000    1.6548200    10.4274000    0.0000266    785.0554199    297.1925049    84.2551346    0.0022236    -0.0004593    -0.0017643    0.0023527    nan    nan
5695    -27.7325000    1.6564600    10.4274000    0.0000537    1313.4204102    740.0139771    653.1175537    0.0025651    -0.0009957    -0.0015694    0.0026120    nan    nan
5696    -27.7442000    1.6475200    10.4274000    0.0000275    1264.1141357    822.5213623    454.2481079    0.0176194    -0.0017352    -0.0158842    0.0195180    nan    nan
5697    -27.7284000    1.6490000    10.4274000    0.0000543    1419.0555420    831.5892334    769.1126709    0.0026327    -0.0011137    -0.0015190    0.0026718    nan    nan
5698    -27.7421000    1.6434500    10.4274000    0.0000269    1306.8818359    867.6672363    487.6933289    0.0203588    -0.0018396    -0.0185193    0.0226164    nan    nan
5699    -27.7261000    1.6409200    10.4274000    0.0000524    1481.8986816    889.8087158    833.6956177    0.0027654    -0.0012077    -0.0015577    0.0028041    nan    nan
5700    -27.7408000    1.6390500    10.4274000    0.0000272    1326.0513916    888.0144043    505.2070007    0.0206383    -0.0018834    -0.0187549    0.0229113    nan    nan
5709    -27.7118000    1.6718900    10.4274000    0.0000899    1108.4066162    543.3577881    481.3685608    0.0004041    -0.0001741    -0.0002300    0.0004079    nan    nan
5710    -27.7120000    1.6426300    10.4274000    0.0000652    1263.9566650    857.8878174    601.5270996    0.0001666    -0.0000375    -0.0001292    0.0001749    nan    nan
5711    -27.7157000    1.6540100    10.4274000    0.0000594    1250.4426269    743.3612671    589.9243774    0.0003898    -0.0001347    -0.0002551    0.0003972    nan    nan
5712    -27.7219000    1.6644000    10.4274000    0.0000571    1179.6289062    579.1082153    565.8976440    0.0009788    -0.0004747    -0.0005041    0.0009847    nan    nan
6387    -27.7473000    1.6508900    9.9957400    0.0000307    1200.9016113    754.4289551    404.8455811    0.0145050    -0.0015355    -0.0129695    0.0160199    nan    nan
6388    -27.7383000    1.6626100    9.9957400    0.0000571    1180.1849365    639.3245850    493.9911499    0.0027426    -0.0009030    -0.0018396    0.0028180    nan    nan
6389    -27.7513000    1.6532400    9.9957400    0.0000307    1094.1235352    638.1174316    319.5646973    0.0106714    -0.0012627    -0.0094087    0.0117238    nan    nan
6390    -27.7456000    1.6669200    9.9957400    0.0000571    1022.3903809    512.6057739    318.2428284    0.0028455    -0.0007797    -0.0020658    0.0029602    nan    nan
6391    -27.7557000    1.6544800    9.9957400    0.0000307    952.9318848    487.6194763    206.2833252    0.0067284    -0.0009181    -0.0058103    0.0073302    nan    nan
6392    -27.7537000    1.6691900    9.9957400    0.0000568    867.9047241    373.4685059    166.2020264    0.0022460    -0.0005609    -0.0016851    0.0023517    nan    nan
6408    -27.7128000    1.6958300    9.9957400    0.0001769    957.4345703    368.9854736    353.4613647    0.0002657    -0.0001277    -0.0001380    0.0002673    nan    nan
6409    -27.7292000    1.7076700    9.9957400    0.0001953    844.8101807    292.1222839    212.5929718    0.0003767    -0.0001463    -0.0002304    0.0003820    nan    nan
6411    -27.7230000    1.6825300    9.9957400    0.0000918    1035.8316650    461.7489624    400.9055786    0.0009558    -0.0004076    -0.0005482    0.0009661    nan    nan
6412    -27.7359000    1.6912100    9.9957400    0.0001036    914.4799194    377.6995544    252.3446503    0.0011337    -0.0003946    -0.0007391    0.0011599    nan    nan
6413    -27.7503000    1.6974600    9.9957400    0.0001147    772.4049683    251.5457611    113.6656647    0.0006275    -0.0001983    -0.0004292    0.0006451    nan    nan
6414    -27.7304000    1.6728500    9.9957400    0.0000592    1091.8610840    539.9426270    425.4748230    0.0017746    -0.0006610    -0.0011136    0.0018080    nan    nan
6415    -27.7407000    1.6791100    9.9957400    0.0000623    969.5959473    453.1306763    280.8161621    0.0020819    -0.0006302    -0.0014517    0.0021537    nan    nan
6416    -27.7520000    1.6829200    9.9957400    0.0000685    831.8160400    328.3595886    147.1916199    0.0015240    -0.0004279    -0.0010961    0.0015854    nan    nan
6447    -27.7607000    1.6846300    9.9957400    0.0000370    730.3952637    222.4552612    59.9974709    0.0007050    -0.0001980    -0.0005070    0.0007286    nan    nan
6448    -27.7663000    1.6853700    9.9957500    0.0000394    665.6682739    156.9888153    16.2324371    0.0001444    -0.0000446    -0.0000999    0.0001480    nan    nan
6529    -27.7652000    1.6698700    9.9957500    0.0000324    671.9072266    169.0911255    5.3802605    0.0003990    -0.0001091    -0.0002899    0.0004126    nan    nan
6530    -27.7644000    1.6548700    9.9957500    0.0000287    668.7558594    169.5661774    10.7045164    0.0004026    -0.0001082    -0.0002944    0.0004169    nan    nan
6531    -27.7604000    1.6698200    9.9957400    0.0000332    758.1939087    266.3842468    66.7467117    0.0014194    -0.0003555    -0.0010639    0.0014803    nan    nan
6532    -27.7601000    1.6548300    9.9957400    0.0000290    788.5874634    304.4101562    85.1867142    0.0023174    -0.0004643    -0.0018531    0.0024576    nan    nan
6533    -27.7325000    1.6564600    9.9957400    0.0000585    1324.2158203    754.8928833    659.6706543    0.0026582    -0.0010084    -0.0016498    0.0027107    nan    nan
6534    -27.7442000    1.6475300    9.9957400    0.0000300    1273.5148926    832.8887939    462.0265503    0.0180301    -0.0017197    -0.0163105    0.0199978    nan    nan
6535    -27.7284000    1.6490000    9.9957400    0.0000591    1430.2442627    847.1987915    775.1784058    0.0027303    -0.0011294    -0.0016009    0.0027738    nan    nan
6536    -27.7421000    1.6434500    9.9957400    0.0000293    1317.2496338    878.5421143    496.5599365    0.0208131    -0.0018233    -0.0189898    0.0231461    nan    nan
6537    -27.7261000    1.6409200    9.9957400    0.0000570    1492.9439697    905.4049072    839.3783569    0.0028651    -0.0012238    -0.0016413    0.0029076    nan    nan
6538    -27.7408000    1.6390500    9.9957400    0.0000296    1336.7613525    899.0874023    514.4763184    0.0210857    -0.0018668    -0.0192189    0.0234329    nan    nan
6547    -27.7118000    1.6718900    9.9957400    0.0000978    1118.0305176    548.7133179    493.3779907    0.0004362    -0.0001919    -0.0002443    0.0004400    nan    nan
6548    -27.7120000    1.6426300    9.9957400    0.0000710    1278.9840088    864.2121582    614.8150635    0.0001833    -0.0000437    -0.0001396    0.0001915    nan    nan
6549    -27.7157000    1.6540100    9.9957400    0.0000647    1262.2386475    750.3393555    603.2897949    0.0004169    -0.0001476    -0.0002693    0.0004243    nan    nan
6550    -27.7219000    1.6644000    9.9957400    0.0000622    1189.0495606    587.3577881    575.3668213    0.0010173    -0.0004936    -0.0005237    0.0010235    nan    nan
7225    -27.7473000    1.6509000    9.5258900    0.0000334    1200.8916016    755.8745117    403.1616211    0.0148415    -0.0015327    -0.0133088    0.0164089    nan    nan
7226    -27.7383000    1.6626100    9.5258900    0.0000622    1185.9609375    647.8296509    497.1968689    0.0028255    -0.0009149    -0.0019105    0.0029068    nan    nan
7227    -27.7513000    1.6532400    9.5258900    0.0000334    1095.8305664    641.7619019    319.3200684    0.0109486    -0.0012635    -0.0096851    0.0120424    nan    nan
7228    -27.7456000    1.6669200    9.5258900    0.0000621    1027.8546143    520.5944214    321.6077271    0.0029284    -0.0007875    -0.0021409    0.0030509    nan    nan
7229    -27.7557000    1.6544900    9.5258900    0.0000334    956.1275635    493.1690674    207.2828827    0.0069273    -0.0009209    -0.0060064    0.0075575    nan    nan
7230    -27.7537000    1.6692000    9.5258900    0.0000618    873.0950317    381.4330139    169.2263031    0.0023266    -0.0005670    -0.0017596    0.0024406    nan    nan
7246    -27.7128000    1.6958300    9.5258800    0.0001926    966.3762207    378.8258972    360.4834290    0.0003001    -0.0001432    -0.0001569    0.0003019    nan    nan
7247    -27.7293000    1.7076700    9.5258900    0.0002126    852.4972534    302.1306458    216.3842773    0.0004137    -0.0001577    -0.0002560    0.0004200    nan    nan
7248    -27.7480000    1.7165200    9.5258900    0.0002169    724.3610229    201.4275970    95.3634262    0.0001009    -0.0000366    -0.0000643    0.0001022    nan    nan
7249    -27.7230000    1.6825400    9.5258800    0.0000999    1043.9069824    472.7856140    405.6941528    0.0010029    -0.0004209    -0.0005820    0.0010146    nan    nan
7250    -27.7359000    1.6912200    9.5258900    0.0001128    921.4353027    387.7831116    256.6049500    0.0011868    -0.0004056    -0.0007812    0.0012160    nan    nan
7251    -27.7503000    1.6974700    9.5258900    0.0001248    778.2619019    260.9832459    116.5544052    0.0006814    -0.0002101    -0.0004713    0.0007020    nan    nan
7252    -27.7304000    1.6728500    9.5258900    0.0000645    1098.8411865    549.6984863    429.7747192    0.0018343    -0.0006712    -0.0011631    0.0018709    nan    nan
7253    -27.7407000    1.6791100    9.5258900    0.0000678    975.7177734    462.2018433    284.5785217    0.0021555    -0.0006385    -0.0015170    0.0022335    nan    nan
7254    -27.7520000    1.6829200    9.5258900    0.0000745    837.6514282    337.5824585    150.4453430    0.0015976    -0.0004375    -0.0011602    0.0016654    nan    nan
7275    -27.7611000    1.7006400    9.5258900    0.0000557    687.1633301    173.9382629    38.0427704    0.0001288    -0.0000408    -0.0000880    0.0001317    nan    nan
7285    -27.7607000    1.6846300    9.5258900    0.0000403    736.2608643    232.2705841    62.7265854    0.0007703    -0.0002099    -0.0005604    0.0007979    nan    nan
7286    -27.7663000    1.6853800    9.5258900    0.0000429    670.8766479    165.4828949    17.4450092    0.0001769    -0.0000525    -0.0001244    0.0001818    nan    nan
7367    -27.7652000    1.6698700    9.5258900    0.0000352    676.9819336    178.3925476    7.5744133    0.0004434    -0.0001181    -0.0003253    0.0004594    nan    nan
7368    -27.7644000    1.6548800    9.5258900    0.0000312    673.3779907    177.6031952    12.1005821    0.0004379    -0.0001140    -0.0003239    0.0004545    nan    nan
7369    -27.7604000    1.6698300    9.5258900    0.0000361    763.4501953    274.9793701    69.6487961    0.0014857    -0.0003619    -0.0011238    0.0015528    nan    nan
7370    -27.7601000    1.6548400    9.5258900    0.0000316    792.5716553    311.8572998    86.6507950    0.0024139    -0.0004707    -0.0019431    0.0025649    nan    nan
7371    -27.7325000    1.6564600    9.5258800    0.0000636    1330.1496582    763.8834229    662.2225952    0.0027417    -0.0010242    -0.0017174    0.0027986    nan    nan
7372    -27.7442000    1.6475300    9.5258900    0.0000326    1272.0732422    832.6247559    459.0717163    0.0184201    -0.0017134    -0.0167067    0.0204504    nan    nan
7373    -27.7284000    1.6490000    9.5258800    0.0000643    1436.2346191    856.5609131    777.1328125    0.0028155    -0.0011477    -0.0016678    0.0028624    nan    nan
7374    -27.7421000    1.6434500    9.5258900    0.0000319    1314.7307129    877.0304565    492.6279602    0.0212391    -0.0018140    -0.0194251    0.0236414    nan    nan
7375    -27.7262000    1.6409200    9.5258800    0.0000621    1499.1970215    915.1672974    841.3306274    0.0029533    -0.0012435    -0.0017099    0.0029990    nan    nan
7376    -27.7408000    1.6390500    9.5258900    0.0000322    1333.7467041    897.0658569    510.1039429    0.0215031    -0.0018564    -0.0196467    0.0239184    nan    nan
7385    -27.7119000    1.6719000    9.5258800    0.0001065    1127.6752930    554.1204224    505.6005859    0.0004648    -0.0002087    -0.0002560    0.0004685    nan    nan
7386    -27.7120000    1.6426300    9.5258800    0.0000773    1291.9711914    869.9061890    627.0965576    0.0001970    -0.0000491    -0.0001478    0.0002051    nan    nan
7387    -27.7157000    1.6540100    9.5258800    0.0000704    1272.1306152    755.7962646    614.7950439    0.0004366    -0.0001581    -0.0002785    0.0004436    nan    nan
7388    -27.7219000    1.6644000    9.5258800    0.0000677    1197.1492920    594.5465698    583.3568115    0.0010521    -0.0005106    -0.0005415    0.0010585    nan    nan
8063    -27.7473000    1.6509000    9.0144900    0.0000364    1205.0501709    761.1862793    405.8762817    0.0151392    -0.0015251    -0.0136141    0.0167550    nan    nan
8064    -27.7383000    1.6626100    9.0144900    0.0000677    1192.5422363    657.1236572    501.4285889    0.0029003    -0.0009230    -0.0019773    0.0029877    nan    nan
8065    -27.7513000    1.6532500    9.0144900    0.0000364    1099.6077881    647.2578735    321.4065247    0.0111920    -0.0012595    -0.0099325    0.0123242    nan    nan
8066    -27.7456000    1.6669300    9.0144900    0.0000676    1033.3352051    528.4619141    325.2463684    0.0030009    -0.0007924    -0.0022086    0.0031309    nan    nan
8067    -27.7557000    1.6544900    9.0144900    0.0000363    959.5269775    498.6505737    208.8011017    0.0070992    -0.0009201    -0.0061791    0.0077553    nan    nan
8068    -27.7537000    1.6692100    9.0144900    0.0000673    877.4620972    388.2388916    171.7435608    0.0023972    -0.0005715    -0.0018256    0.0025187    nan    nan
8084    -27.7128000    1.6958400    9.0144900    0.0002096    973.8875732    387.8405151    365.6397095    0.0003318    -0.0001568    -0.0001750    0.0003339    nan    nan
8085    -27.7293000    1.7076800    9.0144900    0.0002314    858.6101074    310.9377136    219.8226471    0.0004502    -0.0001689    -0.0002813    0.0004577    nan    nan
8086    -27.7480000    1.7165200    9.0144900    0.0002361    728.9025879    208.3391266    95.7872009    0.0001282    -0.0000452    -0.0000831    0.0001301    nan    nan
8087    -27.7230000    1.6825400    9.0144900    0.0001088    1050.3923340    481.8012390    409.3796387    0.0010458    -0.0004330    -0.0006128    0.0010587    nan    nan
8088    -27.7359000    1.6912200    9.0144900    0.0001228    927.0313721    396.0224609    259.9474487    0.0012334    -0.0004150    -0.0008185    0.0012653    nan    nan
8089    -27.7503000    1.6974700    9.0144900    0.0001358    783.1042480    268.8820190    118.8610535    0.0007299    -0.0002202    -0.0005097    0.0007533    nan    nan
8090    -27.7304000    1.6728600    9.0144900    0.0000702    1104.7354736    558.0277100    433.3637695    0.0018870    -0.0006796    -0.0012074    0.0019266    nan    nan
8091    -27.7407000    1.6791200    9.0144900    0.0000738    980.6603394    469.6705933    287.5347290    0.0022194    -0.0006453    -0.0015741    0.0023029    nan    nan
8092    -27.7520000    1.6829300    9.0144900    0.0000811    842.1629028    344.9655457    152.7902527    0.0016625    -0.0004457    -0.0012168    0.0017360    nan    nan
8113    -27.7611000    1.7006400    9.0144900    0.0000606    690.9109497    180.7033844    38.6265106    0.0001619    -0.0000499    -0.0001120    0.0001659    nan    nan
8123    -27.7607000    1.6846400    9.0144900    0.0000439    740.5678711    239.6918335    64.4633102    0.0008293    -0.0002204    -0.0006089    0.0008607    nan    nan
8124    -27.7663000    1.6853900    9.0144900    0.0000467    674.3317871    171.1854401    18.0352345    0.0002030    -0.0000585    -0.0001445    0.0002091    nan    nan
8205    -27.7652000    1.6698800    9.0144900    0.0000383    679.9237061    184.1966705    8.4398527    0.0004805    -0.0001256    -0.0003549    0.0004986    nan    nan
8206    -27.7644000    1.6548800    9.0144900    0.0000340    676.2711182    182.8687744    12.4608364    0.0004685    -0.0001189    -0.0003496    0.0004872    nan    nan
8207    -27.7604000    1.6698300    9.0144900    0.0000393    767.1094971    281.2278748    71.4030533    0.0015436    -0.0003678    -0.0011758    0.0016160    nan    nan
8208    -27.7601000    1.6548500    9.0144900    0.0000344    795.4544067    317.5910645    87.4867325    0.0024963    -0.0004753    -0.0020211    0.0026571    nan    nan
8209    -27.7325000    1.6564700    9.0144900    0.0000693    1337.3812256    774.1701660    666.2974243    0.0028197    -0.0010358    -0.0017840    0.0028815    nan    nan
8210    -27.7442000    1.6475400    9.0144900    0.0000355    1276.4978027    837.7764893    462.1977234    0.0187670    -0.0017037    -0.0170633    0.0208545    nan    nan
8211    -27.7284000    1.6490100    9.0144900    0.0000700    1443.5786133    867.2208252    780.7326660    0.0028962    -0.0011615    -0.0017347    0.0029469    nan    nan
8212    -27.7421000    1.6434600    9.0144900    0.0000347    1319.3507080    882.0848999    496.0378723    0.0216206    -0.0018033    -0.0198172    0.0240853    nan    nan
8213    -27.7262000    1.6409200    9.0144900    0.0000676    1506.5167236    925.9053955    844.7182617    0.0030363    -0.0012579    -0.0017783    0.0030853    nan    nan
8214    -27.7408000    1.6390500    9.0144900    0.0000351    1338.3908691    902.0619507    513.5867920    0.0218775    -0.0018454    -0.0200321    0.0243540    nan    nan
8223    -27.7119000    1.6719000    9.0144900    0.0001159    1135.3182373    558.4122925    515.2187500    0.0004923    -0.0002246    -0.0002677    0.0004961    nan    nan
8224    -27.7121000    1.6426300    9.0144900    0.0000841    1303.4782715    874.7398682    637.3413696    0.0002111    -0.0000548    -0.0001563    0.0002192    nan    nan
8225    -27.7157000    1.6540100    9.0144900    0.0000766    1281.0917969    760.9562378    625.0869751    0.0004590    -0.0001688    -0.0002902    0.0004659    nan    nan
8226    -27.7219000    1.6644000    9.0144900    0.0000737    1204.3181152    602.9222412    588.5108032    0.0010846    -0.0005222    -0.0005624    0.0010915    nan    nan
8901    -27.7474000    1.6509100    8.4578700    0.0000396    1206.2554932    763.4146118    405.7711792    0.0154188    -0.0015219    -0.0138969    0.0170786    nan    nan
8902    -27.7383000    1.6626200    8.4578700    0.0000737    1197.5443115    664.3536377    504.3886414    0.0029707    -0.0009324    -0.0020383    0.0030636    nan    nan
8903    -27.7513000    1.6532600    8.4578700    0.0000396    1101.6093750    650.6942749    321.8938904    0.0114218    -0.0012593    -0.0101626    0.0125888    nan    nan
8904    -27.7456000    1.6669300    8.4578700    0.0000736    1037.8739014    534.9641724    328.1600342    0.0030702    -0.0007984    -0.0022718    0.0032069    nan    nan
8905    -27.7557000    1.6545000    8.4578700    0.0000396    962.2118530    503.0910034    209.7954559    0.0072634    -0.0009217    -0.0063417    0.0079433    nan    nan
8906    -27.7537000    1.6692100    8.4578700    0.0000732    881.5800171    394.4626465    174.1954956    0.0024649    -0.0005765    -0.0018884    0.0025935    nan    nan
8922    -27.7128000    1.6958400    8.4578700    0.0002282    980.8558350    396.5830688    370.1098328    0.0003619    -0.0001690    -0.0001928    0.0003643    nan    nan
8923    -27.7293000    1.7076800    8.4578700    0.0002518    864.1945190    318.9263000    223.0337830    0.0004844    -0.0001790    -0.0003054    0.0004930    nan    nan
8924    -27.7480000    1.7165300    8.4578700    0.0002570    732.9405518    214.4832153    96.1933670    0.0001541    -0.0000528    -0.0001013    0.0001567    nan    nan
8925    -27.7230000    1.6825400    8.4578700    0.0001184    1056.6276856    490.4378662    413.0270996    0.0010863    -0.0004441    -0.0006422    0.0011006    nan    nan
8926    -27.7359000    1.6912300    8.4578700    0.0001336    932.3652344    403.7299805    263.2670593    0.0012773    -0.0004235    -0.0008538    0.0013118    nan    nan
8927    -27.7503000    1.6974800    8.4578700    0.0001478    787.6640015    276.1585083    121.1620712    0.0007758    -0.0002295    -0.0005463    0.0008019    nan    nan
8928    -27.7304000    1.6728600    8.4578700    0.0000764    1110.2200928    565.6672974    436.7792664    0.0019372    -0.0006878    -0.0012494    0.0019796    nan    nan
8929    -27.7407000    1.6791200    8.4578700    0.0000804    985.3788452    476.6105347    290.4746704    0.0022798    -0.0006518    -0.0016281    0.0023687    nan    nan
8930    -27.7520000    1.6829300    8.4578700    0.0000883    846.5805664    351.9365540    155.2673492    0.0017237    -0.0004532    -0.0012705    0.0018027    nan    nan
8951    -27.7611000    1.7006500    8.4578800    0.0000660    694.4601440    187.0243988    39.3083725    0.0001938    -0.0000582    -0.0001356    0.0001990    nan    nan
8961    -27.7607000    1.6846500    8.4578800    0.0000477    745.0538940    247.1125336    66.5753937    0.0008856    -0.0002298    -0.0006558    0.0009208    nan    nan
8962    -27.7663000    1.6854000    8.4578800    0.0000509    678.1704712    177.3583679    19.1251888    0.0002283    -0.0000639    -0.0001644    0.0002356    nan    nan
9043    -27.7652000    1.6698900    8.4578800    0.0000417    683.6189575    190.8953400    10.0876188    0.0005163    -0.0001322    -0.0003841    0.0005366    nan    nan
9044    -27.7644000    1.6548900    8.4578800    0.0000370    679.6856689    188.7310181    13.4527073    0.0004979    -0.0001233    -0.0003746    0.0005188    nan    nan
9045    -27.7604000    1.6698400    8.4578800    0.0000428    771.1059570    287.6857605    73.6197205    0.0015994    -0.0003730    -0.0012263    0.0016771    nan    nan
9046    -27.7601000    1.6548500    8.4578800    0.0000374    798.4993896    323.2738342    88.6209946    0.0025765    -0.0004804    -0.0020960    0.0027465    nan    nan
9047    -27.7325000    1.6564700    8.4578700    0.0000754    1342.6245117    781.9541626    668.8374023    0.0028914    -0.0010482    -0.0018432    0.0029574    nan    nan
9048    -27.7442000    1.6475400    8.4578700    0.0000386    1277.0408935    839.0875854    461.5487061    0.0190915    -0.0016981    -0.0173934    0.0212314    nan    nan
9049    -27.7284000    1.6490100    8.4578700    0.0000762    1448.8591309    875.3234863    782.8068848    0.0029698    -0.0011759    -0.0017939    0.0030239    nan    nan
9050    -27.7421000    1.6434600    8.4578700    0.0000378    1319.4013672    882.7465210    494.9685669    0.0219761    -0.0017958    -0.0201803    0.0244985    nan    nan
9051    -27.7262000    1.6409200    8.4578700    0.0000735    1511.9256592    934.2525635    846.7189331    0.0031127    -0.0012733    -0.0018394    0.0031648    nan    nan
9052    -27.7408000    1.6390500    8.4578700    0.0000382    1338.1945801    902.4494629    512.3123169    0.0222260    -0.0018371    -0.0203889    0.0247592    nan    nan
9061    -27.7119000    1.6719000    8.4578700    0.0001261    1142.7076416    562.6193237    524.5738525    0.0005174    -0.0002397    -0.0002778    0.0005213    nan    nan
9062    -27.7121000    1.6426300    8.4578700    0.0000915    1313.8660889    879.2721558    646.9741211    0.0002237    -0.0000601    -0.0001637    0.0002317    nan    nan
9063    -27.7157000    1.6540200    8.4578700    0.0000834    1289.2529297    765.5242310    634.5772095    0.0004783    -0.0001784    -0.0002999    0.0004851    nan    nan
9064    -27.7219000    1.6644000    8.4578700    0.0000802    1210.8680420    610.6311646    593.1771851    0.0011146    -0.0005328    -0.0005818    0.0011218    nan    nan
9739    -27.7474000    1.6509100    7.8520500    0.0000431    1208.8681641    766.8880005    407.2200317    0.0156719    -0.0015167    -0.0141552    0.0173725    nan    nan
9740    -27.7383000    1.6626200    7.8520500    0.0000802    1202.5695801    671.5019531    507.5581970    0.0030352    -0.0009396    -0.0020956    0.0031335    nan    nan
9741    -27.7513000    1.6532600    7.8520500    0.0000431    1104.2507324    654.6248779    323.1894531    0.0116289    -0.0012569    -0.0103721    0.0128282    nan    nan
9742    -27.7456000    1.6669300    7.8520500    0.0000801    1042.2250977    541.1782837    331.0350037    0.0031338    -0.0008031    -0.0023308    0.0032770    nan    nan
9743    -27.7557000    1.6545100    7.8520500    0.0000430    964.8419800    507.2976990    210.9352722    0.0074101    -0.0009216    -0.0064885    0.0081119    nan    nan
9744    -27.7537000    1.6692200    7.8520500    0.0000797    885.2214966    400.0354614    176.3550262    0.0025265    -0.0005808    -0.0019457    0.0026615    nan    nan
9760    -27.7128000    1.6958400    7.8520400    0.0002483    986.9030762    404.3174438    373.8805847    0.0003890    -0.0001798    -0.0002092    0.0003917    nan    nan
9761    -27.7293000    1.7076800    7.8520500    0.0002741    869.2059937    326.1024170    225.8790131    0.0005168    -0.0001884    -0.0003284    0.0005265    nan    nan
9762    -27.7480000    1.7165300    7.8520500    0.0002797    736.6153564    220.0349426    96.6841660    0.0001785    -0.0000597    -0.0001188    0.0001818    nan    nan
9763    -27.7230000    1.6825400    7.8520400    0.0001288    1061.9222412    497.8524170    416.0670471    0.0011232    -0.0004543    -0.0006689    0.0011386    nan    nan
9764    -27.7359000    1.6912300    7.8520500    0.0001454    936.9798584    410.4368286    266.0994263    0.0013179    -0.0004313    -0.0008866    0.0013549    nan    nan
9765    -27.7503000    1.6974800    7.8520500    0.0001609    791.6907349    282.5594788    123.2110901    0.0008178    -0.0002377    -0.0005802    0.0008465    nan    nan
9766    -27.7304000    1.6728600    7.8520500    0.0000831    1114.9744873    572.3338013    439.7239990    0.0019822    -0.0006948    -0.0012874    0.0020273    nan    nan
9767    -27.7407000    1.6791200    7.8520500    0.0000875    989.4359131    482.6613770    292.9437561    0.0023353    -0.0006575    -0.0016778    0.0024291    nan    nan
9768    -27.7520000    1.6829400    7.8520500    0.0000961    850.3519897    357.9281616    157.3383484    0.0017795    -0.0004598    -0.0013197    0.0018637    nan    nan
9789    -27.7611000    1.7006500    7.8520500    0.0000718    697.5995483    192.4866486    40.0239220    0.0002224    -0.0000653    -0.0001570    0.0002288    nan    nan
9799    -27.7607000    1.6846500    7.8520500    0.0000520    748.7304688    253.1948853    68.2548523    0.0009363    -0.0002380    -0.0006983    0.0009750    nan    nan
9800    -27.7663000    1.6854000    7.8520500    0.0000554    681.1950684    182.1297302    19.8627968    0.0002514    -0.0000687    -0.0001827    0.0002600    nan    nan
9881    -27.7652000    1.6698900    7.8520500    0.0000454    686.2830811    195.8668976    11.0952168    0.0005488    -0.0001383    -0.0004105    0.0005711    nan    nan
9882    -27.7644000    1.6549000    7.8520500    0.0000403    682.2064819    193.1471558    13.9211588    0.0005246    -0.0001274    -0.0003973    0.0005475    nan    nan
9883    -27.7604000    1.6698500    7.8520500    0.0000466    774.2837524    292.8811646    75.2987289    0.0016490    -0.0003778    -0.0012712    0.0017315    nan    nan
9884    -27.7601000    1.6548600    7.8520500    0.0000407    800.9295654    327.9402466    89.4241486    0.0026475    -0.0004844    -0.0021631    0.0028259    nan    nan
9885    -27.7325000    1.6564700    7.8520400    0.0000821    1348.0117188    789.7376709    671.7762451    0.0029572    -0.0010580    -0.0018992    0.0030274    nan    nan
9886    -27.7442000    1.6475400    7.8520500    0.0000421    1279.5877685    842.1939087    463.0411072    0.0193856    -0.0016911    -0.0176945    0.0215735    nan    nan
9887    -27.7284000    1.6490100    7.8520400    0.0000830    1454.2593994    883.3473511    785.3258057    0.0030376    -0.0011875    -0.0018501    0.0030950    nan    nan
9888    -27.7421000    1.6434600    7.8520500    0.0000411    1321.8881836    885.5951538    496.4687805    0.0222977    -0.0017878    -0.0205099    0.0248725    nan    nan
9889    -27.7262000    1.6409200    7.8520400    0.0000800    1517.3381348    942.3871460    849.0890503    0.0031828    -0.0012855    -0.0018973    0.0032380    nan    nan
9890    -27.7408000    1.6390500    7.8520500    0.0000416    1340.6141357    905.1809082    513.7849121    0.0225406    -0.0018287    -0.0207118    0.0251250    nan    nan
9899    -27.7119000    1.6719000    7.8520400    0.0001373    1148.8999023    566.1583252    532.3853149    0.0005409    -0.0002537    -0.0002873    0.0005449    nan    nan
9900    -27.7121000    1.6426300    7.8520400    0.0000996    1323.0786133    883.1629639    655.2124634    0.0002360    -0.0000652    -0.0001707    0.0002437    nan    nan
9901    -27.7157000    1.6540200    7.8520400    0.0000908    1296.4279785    769.6282349    642.8798218    0.0004974    -0.0001877    -0.0003097    0.0005042    nan    nan
9902    -27.7219000    1.6644000    7.8520400    0.0000873    1216.6132812    617.8167114    596.8815918    0.0011421    -0.0005415    -0.0006006    0.0011497    nan    nan
10577    -27.7474000    1.6509200    7.1926600    0.0000469    1210.2399902    769.0092773    407.5402832    0.0159064    -0.0015137    -0.0143927    0.0176441    nan    nan
10578    -27.7383000    1.6626200    7.1926600    0.0000873    1206.6975098    677.4520264    510.0434875    0.0030955    -0.0009472    -0.0021484    0.0031988    nan    nan
10579    -27.7513000    1.6532700    7.1926600    0.0000469    1106.0573731    657.5243530    323.7947388    0.0118204    -0.0012562    -0.0105642    0.0130489    nan    nan
10580    -27.7456000    1.6669400    7.1926600    0.0000872    1045.9846191    546.5516357    333.4513855    0.0031943    -0.0008083    -0.0023861    0.0033436    nan    nan
10581    -27.7557000    1.6545100    7.1926600    0.0000469    966.9981079    510.7873535    211.7770691    0.0075456    -0.0009225    -0.0066231    0.0082672    nan    nan
10582    -27.7537000    1.6692200    7.1926600    0.0000867    888.5245361    405.0474548    178.3258667    0.0025838    -0.0005852    -0.0019986    0.0027249    nan    nan
10598    -27.7128000    1.6958400    7.1926500    0.0002703    992.2653809    411.2442932    377.2357178    0.0004127    -0.0001889    -0.0002238    0.0004157    nan    nan
10599    -27.7293000    1.7076900    7.1926600    0.0002983    873.7380371    332.6048279    228.4310303    0.0005478    -0.0001972    -0.0003506    0.0005586    nan    nan
10600    -27.7480000    1.7165400    7.1926600    0.0003044    739.8530884    224.9395752    97.2894974    0.0002004    -0.0000656    -0.0001347    0.0002044    nan    nan
10601    -27.7230000    1.6825400    7.1926500    0.0001402    1066.8055420    504.6687927    418.9397278    0.0011569    -0.0004633    -0.0006935    0.0011734    nan    nan
10602    -27.7359000    1.6912300    7.1926600    0.0001583    941.2712402    416.6445923    268.7349243    0.0013572    -0.0004387    -0.0009185    0.0013967    nan    nan
10603    -27.7503000    1.6974900    7.1926600    0.0001751    795.3403931    288.2937012    125.1366882    0.0008562    -0.0002449    -0.0006113    0.0008873    nan    nan
10604    -27.7304000    1.6728600    7.1926600    0.0000905    1119.3035889    578.3486938    442.4534607    0.0020238    -0.0007012    -0.0013226    0.0020714    nan    nan
10605    -27.7407000    1.6791300    7.1926600    0.0000952    993.1971436    488.2069092    295.2532959    0.0023881    -0.0006631    -0.0017250    0.0024867    nan    nan
10606    -27.7520000    1.6829400    7.1926600    0.0001046    853.8847656    363.4135437    159.3647156    0.0018310    -0.0004657    -0.0013653    0.0019200    nan    nan
10627    -27.7611000    1.7006600    7.1926600    0.0000782    700.4627075    197.4293518    40.7605476    0.0002483    -0.0000715    -0.0001769    0.0002560    nan    nan
10637    -27.7607000    1.6846600    7.1926600    0.0000566    752.2479858    258.8986206    69.9958420    0.0009824    -0.0002450    -0.0007374    0.0010245    nan    nan
10638    -27.7663000    1.6854100    7.1926600    0.0000603    684.2574463    186.9092712    20.8578472    0.0002726    -0.0000728    -0.0001998    0.0002825    nan    nan
10719    -27.7652000    1.6699000    7.1926600    0.0000494    689.1159668    200.9897461    12.3720808    0.0005788    -0.0001437    -0.0004352    0.0006030    nan    nan
10720    -27.7644000    1.6549100    7.1926600    0.0000438    684.8206787    197.6121979    14.6306953    0.0005496    -0.0001309    -0.0004186    0.0005743    nan    nan
10721    -27.7604000    1.6698500    7.1926600    0.0000507    777.4313354    297.8656311    77.0966034    0.0016947    -0.0003819    -0.0013129    0.0017817    nan    nan
10722    -27.7601000    1.6548700    7.1926600    0.0000443    803.2739258    332.2578735    90.3206558    0.0027129    -0.0004880    -0.0022249    0.0028991    nan    nan
10723    -27.7325000    1.6564700    7.1926500    0.0000893    1352.3450928    796.1337280    673.9729614    0.0030175    -0.0010678    -0.0019497    0.0030915    nan    nan
10724    -27.7442000    1.6475500    7.1926600    0.0000458    1280.5866699    843.7217407    463.0825195    0.0196573    -0.0016863    -0.0179710    0.0218891    nan    nan
10725    -27.7284000    1.6490100    7.1926500    0.0000903    1458.5954590    889.9713135    787.1483765    0.0030993    -0.0011987    -0.0019006    0.0031599    nan    nan
10726    -27.7421000    1.6434600    7.1926600    0.0000448    1322.6136475    886.7138062    496.2972717    0.0225934    -0.0017816    -0.0208118    0.0252162    nan    nan
10727    -27.7262000    1.6409200    7.1926500    0.0000871    1521.7156982    949.1447754    850.8092651    0.0032468    -0.0012975    -0.0019493    0.0033047    nan    nan
10728    -27.7408000    1.6390500    7.1926600    0.0000453    1341.1900635    906.1232300    513.5000000    0.0228292    -0.0018222    -0.0210070    0.0254604    nan    nan
10737    -27.7119000    1.6719000    7.1926500    0.0001494    1154.7049560    569.5459595    539.7126465    0.0005622    -0.0002666    -0.0002956    0.0005662    nan    nan
10738    -27.7121000    1.6426300    7.1926500    0.0001084    1331.4418945    886.7640991    662.8425293    0.0002470    -0.0000700    -0.0001770    0.0002547    nan    nan
10739    -27.7157000    1.6540200    7.1926500    0.0000988    1302.9564209    773.3538208    650.4733887    0.0005143    -0.0001962    -0.0003181    0.0005210    nan    nan
10740    -27.7219000    1.6644000    7.1926500    0.0000950    1221.8474121    624.3236084    600.3125610    0.0011671    -0.0005494    -0.0006177    0.0011750    nan    nan
11415    -27.7473000    1.6509200    6.4749700    0.0000511    1212.0710449    771.4865112    408.4330139    0.0161190    -0.0015100    -0.0146090    0.0178907    nan    nan
11416    -27.7383000    1.6626200    6.4749700    0.0000950    1210.6003418    683.0427856    512.4667969    0.0031506    -0.0009534    -0.0021972    0.0032586    nan    nan
11417    -27.7513000    1.6532700    6.4749700    0.0000510    1108.0191650    660.4619141    324.6849365    0.0119936    -0.0012547    -0.0107390    0.0132490    nan    nan
11418    -27.7456000    1.6669400    6.4749700    0.0000949    1049.4832764    551.5646973    335.7146606    0.0032506    -0.0008128    -0.0024378    0.0034056    nan    nan
11419    -27.7557000    1.6545200    6.4749700    0.0000510    969.0339966    514.0087280    212.6536865    0.0076670    -0.0009225    -0.0067445    0.0084068    nan    nan
11420    -27.7537000    1.6692300    6.4749700    0.0000944    891.4859619    409.5737305    180.0791321    0.0026366    -0.0005892    -0.0020475    0.0027835    nan    nan
11436    -27.7128000    1.6958400    6.4749700    0.0002942    996.8864136    417.2524719    380.1355286    0.0004332    -0.0001966    -0.0002366    0.0004365    nan    nan
11437    -27.7293000    1.7076900    6.4749700    0.0003247    877.7976685    338.4605408    230.6600494    0.0005774    -0.0002054    -0.0003719    0.0005892    nan    nan
11438    -27.7480000    1.7165400    6.4749700    0.0003313    742.7210083    229.4564972    98.0860138    0.0002217    -0.0000713    -0.0001504    0.0002264    nan    nan
11439    -27.7230000    1.6825500    6.4749700    0.0001526    1071.0025635    510.5382385    421.4105835    0.0011868    -0.0004713    -0.0007156    0.0012045    nan    nan
11440    -27.7359000    1.6912300    6.4749700    0.0001723    945.0238037    422.1098633    270.9966125    0.0013940    -0.0004455    -0.0009484    0.0014358    nan    nan
11441    -27.7503000    1.6974900    6.4749700    0.0001906    798.6069946    293.3899536    126.8798218    0.0008913    -0.0002513    -0.0006400    0.0009249    nan    nan
11442    -27.7304000    1.6728600    6.4749700    0.0000985    1123.0721435    583.5989990    444.8294983    0.0020608    -0.0007067    -0.0013541    0.0021108    nan    nan
11443    -27.7407000    1.6791300    6.4749700    0.0001036    996.5017700    493.1170349    297.2447815    0.0024371    -0.0006682    -0.0017689    0.0025401    nan    nan
11444    -27.7520000    1.6829500    6.4749700    0.0001139    856.9890137    368.2353821    161.1294861    0.0018785    -0.0004711    -0.0014074    0.0019720    nan    nan
11465    -27.7611000    1.7006600    6.4749700    0.0000851    703.0209961    201.7430878    41.5289726    0.0002713    -0.0000768    -0.0001946    0.0002800    nan    nan
11475    -27.7607000    1.6846600    6.4749700    0.0000616    755.2344971    263.7147217    71.4671707    0.0010238    -0.0002512    -0.0007726    0.0010690    nan    nan
11476    -27.7663000    1.6854100    6.4749700    0.0000656    686.7254028    190.7889404    21.7516537    0.0002914    -0.0000764    -0.0002151    0.0003024    nan    nan
11557    -27.7652000    1.6699100    6.4749700    0.0000538    691.3014526    205.0186005    13.2665796    0.0006056    -0.0001484    -0.0004572    0.0006315    nan    nan
11558    -27.7644000    1.6549100    6.4749700    0.0000477    686.8983154    201.1628723    15.0649977    0.0005720    -0.0001341    -0.0004379    0.0005985    nan    nan
11559    -27.7604000    1.6698600    6.4749700    0.0000552    780.0906372    302.0707397    78.5900726    0.0017358    -0.0003856    -0.0013503    0.0018269    nan    nan
11560    -27.7601000    1.6548700    6.4749700    0.0000482    805.2241211    335.8957214    91.0314636    0.0027706    -0.0004909    -0.0022797    0.0029638    nan    nan
11561    -27.7325000    1.6564700    6.4749700    0.0000972    1356.4593506    802.1282959    676.1904907    0.0030718    -0.0010759    -0.0019959    0.0031494    nan    nan
11562    -27.7442000    1.6475500    6.4749700    0.0000498    1282.2744141    845.8285522    463.9215393    0.0199024    -0.0016811    -0.0182214    0.0221741    nan    nan
11563    -27.7284000    1.6490100    6.4749700    0.0000983    1462.6859131    896.1276855    789.0229492    0.0031549    -0.0012081    -0.0019468    0.0032183    nan    nan
11564    -27.7421000    1.6434600    6.4749700    0.0000487    1324.1790772    888.5578003    497.0721130    0.0228588    -0.0017755    -0.0210833    0.0255247    nan    nan
11565    -27.7262000    1.6409200    6.4749700    0.0000948    1525.8138428    955.3888550    852.5707397    0.0033043    -0.0013074    -0.0019970    0.0033649    nan    nan
11566    -27.7408000    1.6390500    6.4749700    0.0000493    1342.6704102    907.8500977    514.2234497    0.0230875    -0.0018157    -0.0212718    0.0257608    nan    nan
11575    -27.7119000    1.6719000    6.4749700    0.0001626    1159.6475830    572.4543457    545.9334717    0.0005813    -0.0002783    -0.0003030    0.0005854    nan    nan
11576    -27.7121000    1.6426300    6.4749700    0.0001180    1338.7999268    889.8687134    669.4166260    0.0002572    -0.0000746    -0.0001827    0.0002648    nan    nan
11577    -27.7157000    1.6540200    6.4749700    0.0001075    1308.6562500    776.6486816    657.0885010    0.0005301    -0.0002041    -0.0003260    0.0005367    nan    nan
11578    -27.7219000    1.6644100    6.4749700    0.0001034    1226.4197998    630.1059570    603.2327271    0.0011895    -0.0005561    -0.0006333    0.0011977    nan    nan
12253    -27.7473000    1.6509200    5.6938300    0.0000556    1213.2869873    773.2535400    408.8152466    0.0163115    -0.0015075    -0.0148040    0.0181138    nan    nan
12254    -27.7383000    1.6626300    5.6938300    0.0001034    1213.8619385    687.7539062    514.4393311    0.0032004    -0.0009594    -0.0022410    0.0033126    nan    nan
12255    -27.7513000    1.6532700    5.6938300    0.0000555    1109.5095215    662.7839355    325.2259216    0.0121507    -0.0012540    -0.0108967    0.0134301    nan    nan
12256    -27.7456000    1.6669400    5.6938300    0.0001032    1052.4916992    555.8936768    337.6164856    0.0033027    -0.0008173    -0.0024854    0.0034630    nan    nan
12257    -27.7557000    1.6545200    5.6938300    0.0000555    970.7209473    516.7066650    213.3224487    0.0077768    -0.0009230    -0.0068538    0.0085328    nan    nan
12258    -27.7537000    1.6692300    5.6938300    0.0001027    894.1254272    413.5645447    181.6438293    0.0026853    -0.0005929    -0.0020924    0.0028374    nan    nan
12274    -27.7128000    1.6958500    5.6938300    0.0003202    1000.8773193    422.4822388    382.6353149    0.0004510    -0.0002032    -0.0002478    0.0004545    nan    nan
12275    -27.7293000    1.7076900    5.6938300    0.0003534    881.3710327    343.6593628    232.5626373    0.0006052    -0.0002130    -0.0003922    0.0006181    nan    nan
12276    -27.7480000    1.7165400    5.6938300    0.0003606    745.4818726    233.5556030    98.7623596    0.0002418    -0.0000766    -0.0001652    0.0002473    nan    nan
12277    -27.7230000    1.6825500    5.6938300    0.0001661    1074.7231445    515.7356567    423.6399536    0.0012130    -0.0004780    -0.0007350    0.0012317    nan    nan
12278    -27.7359000    1.6912400    5.6938300    0.0001875    948.3309326    426.9314575    272.9932556    0.0014271    -0.0004515    -0.0009756    0.0014711    nan    nan
12279    -27.7503000    1.6974900    5.6938300    0.0002075    801.5938110    297.9727173    128.5163727    0.0009235    -0.0002572    -0.0006664    0.0009592    nan    nan
12280    -27.7304000    1.6728700    5.6938300    0.0001072    1126.4113769    588.2218628    446.9644775    0.0020938    -0.0007115    -0.0013823    0.0021459    nan    nan
12281    -27.7407000    1.6791300    5.6938300    0.0001128    999.4570312    497.4902344    299.0254211    0.0024823    -0.0006729    -0.0018094    0.0025893    nan    nan
12282    -27.7520000    1.6829500    5.6938300    0.0001239    859.7747192    372.5410767    162.7165985    0.0019222    -0.0004760    -0.0014463    0.0020199    nan    nan
12303    -27.7611000    1.7006700    5.6938300    0.0000926    705.4130249    205.6219940    42.4061928    0.0002913    -0.0000812    -0.0002101    0.0003010    nan    nan
12313    -27.7607000    1.6846700    5.6938300    0.0000670    757.9687500    268.0908813    72.8782959    0.0010603    -0.0002566    -0.0008038    0.0011083    nan    nan
12314    -27.7663000    1.6854200    5.6938300    0.0000714    689.0993042    194.5244904    22.7089901    0.0003092    -0.0000797    -0.0002295    0.0003213    nan    nan
12395    -27.7652000    1.6699100    5.6938300    0.0000585    693.4290161    208.9130096    14.2034922    0.0006302    -0.0001528    -0.0004775    0.0006578    nan    nan
12396    -27.7644000    1.6549200    5.6938300    0.0000519    688.8909912    204.5202789    15.5805855    0.0005921    -0.0001368    -0.0004553    0.0006202    nan    nan
12397    -27.7604000    1.6698600    5.6938300    0.0000601    782.5490723    305.9080505    80.0199814    0.0017728    -0.0003887    -0.0013841    0.0018676    nan    nan
12398    -27.7601000    1.6548800    5.6938300    0.0000525    807.0031738    339.1555786    91.7148972    0.0028227    -0.0004935    -0.0023293    0.0030223    nan    nan
12399    -27.7325000    1.6564700    5.6938300    0.0001058    1359.8652344    807.1485596    677.9591064    0.0031203    -0.0010834    -0.0020369    0.0032011    nan    nan
12400    -27.7442000    1.6475500    5.6938300    0.0000542    1283.2424316    847.1676636    464.1368103    0.0201231    -0.0016772    -0.0184460    0.0224305    nan    nan
12401    -27.7284000    1.6490100    5.6938300    0.0001070    1466.0710449    901.3010254    790.4946899    0.0032044    -0.0012166    -0.0019877    0.0032704    nan    nan
12402    -27.7421000    1.6434600    5.6938300    0.0000530    1324.9647217    889.6072998    497.1571045    0.0230965    -0.0017706    -0.0213258    0.0258009    nan    nan
12403    -27.7262000    1.6409200    5.6938300    0.0001032    1529.2077637    960.6484985    853.9409790    0.0033558    -0.0013165    -0.0020393    0.0034187    nan    nan
12404    -27.7408000    1.6390500    5.6938300    0.0000536    1343.3516846    908.7738647    514.2338257    0.0233183    -0.0018105    -0.0215078    0.0260290    nan    nan
12413    -27.7119000    1.6719000    5.6938300    0.0001770    1164.1019287    575.1198120    551.5397339    0.0005981    -0.0002887    -0.0003094    0.0006022    nan    nan
12414    -27.7121000    1.6426300    5.6938300    0.0001285    1345.3343506    892.6591187    675.3295898    0.0002664    -0.0000787    -0.0001877    0.0002738    nan    nan
12415    -27.7157000    1.6540200    5.6938300    0.0001171    1313.7303467    779.5855713    662.9949341    0.0005440    -0.0002112    -0.0003328    0.0005505    nan    nan
12416    -27.7219000    1.6644100    5.6938300    0.0001125    1230.4915772    635.2279053    605.8745117    0.0012092    -0.0005620    -0.0006471    0.0012177    nan    nan
13091    -27.7473000    1.6509300    4.8436400    0.0000605    1214.5966797    775.0296631    409.4044189    0.0164801    -0.0015048    -0.0149753    0.0183092    nan    nan
13092    -27.7383000    1.6626300    4.8436400    0.0001125    1216.8038330    691.9777222    516.2554321    0.0032445    -0.0009643    -0.0022801    0.0033605    nan    nan
13093    -27.7513000    1.6532800    4.8436400    0.0000605    1110.9548340    664.9445801    325.8540955    0.0122876    -0.0012530    -0.0110347    0.0135882    nan    nan
13094    -27.7456000    1.6669500    4.8436400    0.0001124    1055.1784668    559.7450562    339.3393250    0.0033486    -0.0008211    -0.0025275    0.0035137    nan    nan
13095    -27.7557000    1.6545300    4.8436400    0.0000604    972.2486572    519.1070557    213.9738007    0.0078726    -0.0009231    -0.0069495    0.0086428    nan    nan
13096    -27.7537000    1.6692300    4.8436400    0.0001118    896.4334106    417.0224609    183.0346985    0.0027275    -0.0005960    -0.0021315    0.0028842    nan    nan
13112    -27.7128000    1.6958500    4.8436400    0.0003485    1004.3609009    427.0420227    384.8274536    0.0004668    -0.0002089    -0.0002579    0.0004706    nan    nan
13113    -27.7293000    1.7077000    4.8436400    0.0003847    884.4392090    348.1464233    234.1897888    0.0006299    -0.0002196    -0.0004103    0.0006438    nan    nan
13114    -27.7480000    1.7165500    4.8436400    0.0003925    747.6917725    237.1492615    99.4947433    0.0002603    -0.0000815    -0.0001788    0.0002666    nan    nan
13115    -27.7230000    1.6825500    4.8436400    0.0001808    1077.9005127    520.1777344    425.5434875    0.0012362    -0.0004840    -0.0007522    0.0012557    nan    nan
13116    -27.7359000    1.6912400    4.8436400    0.0002041    951.2194214    431.1122742    274.7519836    0.0014565    -0.0004567    -0.0009998    0.0015025    nan    nan
13117    -27.7503000    1.6975000    4.8436400    0.0002258    804.1959229    301.9736633    129.9566498    0.0009516    -0.0002624    -0.0006892    0.0009892    nan    nan
13118    -27.7304000    1.6728700    4.8436400    0.0001167    1129.3010254    592.2192993    448.8131714    0.0021230    -0.0007157    -0.0014073    0.0021770    nan    nan
13119    -27.7407000    1.6791400    4.8436400    0.0001227    1002.0177612    501.2684021    300.5706787    0.0025221    -0.0006770    -0.0018452    0.0026329    nan    nan
13120    -27.7520000    1.6829500    4.8436400    0.0001349    862.1702881    376.2284546    164.0948334    0.0019603    -0.0004801    -0.0014802    0.0020617    nan    nan
13141    -27.7611000    1.7006700    4.8436400    0.0001008    707.4662476    208.9353180    43.1581879    0.0003090    -0.0000850    -0.0002240    0.0003197    nan    nan
13151    -27.7607000    1.6846700    4.8436400    0.0000729    760.2998047    271.8605041    74.0774002    0.0010921    -0.0002616    -0.0008305    0.0011424    nan    nan
13152    -27.7663000    1.6854200    4.8436400    0.0000777    691.0138550    197.7145691    23.5522823    0.0003266    -0.0000832    -0.0002434    0.0003396    nan    nan
13233    -27.7652000    1.6699100    4.8436400    0.0000637    695.1398926    212.0785217    14.9016733    0.0006525    -0.0001567    -0.0004959    0.0006816    nan    nan
13234    -27.7644000    1.6549200    4.8436400    0.0000565    690.5290527    207.2488861    15.9463339    0.0006100    -0.0001391    -0.0004709    0.0006396    nan    nan
13235    -27.7604000    1.6698700    4.8436400    0.0000654    784.5555420    309.0850830    81.1538849    0.0018051    -0.0003915    -0.0014136    0.0019031    nan    nan
13236    -27.7601000    1.6548800    4.8436400    0.0000571    808.5182495    341.9299622    92.2876205    0.0028688    -0.0004957    -0.0023731    0.0030740    nan    nan
13237    -27.7325000    1.6564800    4.8436400    0.0001152    1362.9345703    811.6363525    679.6106567    0.0031628    -0.0010896    -0.0020732    0.0032465    nan    nan
13238    -27.7442000    1.6475500    4.8436400    0.0000590    1284.4132080    848.6373901    464.6558533    0.0203169    -0.0016733    -0.0186436    0.0226557    nan    nan
13239    -27.7284000    1.6490100    4.8436400    0.0001164    1469.1054688    905.9007568    791.8797607    0.0032479    -0.0012238    -0.0020241    0.0033163    nan    nan
13240    -27.7421000    1.6434700    4.8436400    0.0000577    1326.0218506    890.8645020    497.6065369    0.0233052    -0.0017661    -0.0215392    0.0260435    nan    nan
13241    -27.7262000    1.6409200    4.8436400    0.0001123    1532.2557373    965.3397217    855.2332153    0.0034014    -0.0013242    -0.0020772    0.0034665    nan    nan
13242    -27.7408000    1.6390500    4.8436400    0.0000583    1344.3336182    909.9356079    514.6343994    0.0235208    -0.0018056    -0.0217152    0.0262645    nan    nan
13251    -27.7119000    1.6719000    4.8436400    0.0001927    1167.8708496    577.3806763    556.2749023    0.0006129    -0.0002979    -0.0003150    0.0006171    nan    nan
13252    -27.7121000    1.6426300    4.8436300    0.0001398    1350.9193115    895.0343628    680.3438110    0.0002746    -0.0000824    -0.0001922    0.0002819    nan    nan
13253    -27.7157000    1.6540200    4.8436400    0.0001274    1318.1470947    782.1389771    668.1292725    0.0005569    -0.0002176    -0.0003392    0.0005633    nan    nan
13254    -27.7219000    1.6644100    4.8436400    0.0001225    1234.0000000    639.6704712    608.1295776    0.0012266    -0.0005671    -0.0006595    0.0012355    nan    nan
13929    -27.7473000    1.6509300    3.9182800    0.0000658    1215.5367432    776.3497925    409.7373047    0.0166239    -0.0015029    -0.0151210    0.0184759    nan    nan
13930    -27.7383000    1.6626300    3.9182800    0.0001225    1219.2109375    695.4442749    517.7243042    0.0032821    -0.0009687    -0.0023134    0.0034015    nan    nan
13931    -27.7513000    1.6532800    3.9182800    0.0000658    1112.0704346    666.6425781    326.2851257    0.0124044    -0.0012524    -0.0111519    0.0137229    nan    nan
13932    -27.7456000    1.6669500    3.9182800    0.0001223    1057.4042969    562.9306030    340.7585449    0.0033879    -0.0008244    -0.0025635    0.0035570    nan    nan
13933    -27.7557000    1.6545300    3.9182800    0.0000658    973.4931030    521.0654297    214.4842987    0.0079544    -0.0009233    -0.0070311    0.0087369    nan    nan
13934    -27.7537000    1.6692300    3.9182800    0.0001217    898.3894653    419.9199219    184.2257996    0.0027634    -0.0005986    -0.0021648    0.0029241    nan    nan
13950    -27.7128000    1.6958500    3.9182800    0.0003793    1007.2868042    430.8800354    386.6704407    0.0004803    -0.0002137    -0.0002665    0.0004843    nan    nan
13951    -27.7293000    1.7077000    3.9182800    0.0004187    887.0307007    351.9225464    235.5784302    0.0006511    -0.0002252    -0.0004259    0.0006658    nan    nan
13952    -27.7480000    1.7165500    3.9182800    0.0004272    749.5534668    240.1652374    100.1266556    0.0002763    -0.0000856    -0.0001907    0.0002833    nan    nan
13953    -27.7230000    1.6825500    3.9182800    0.0001968    1080.5996094    523.9498291    427.1742249    0.0012558    -0.0004889    -0.0007669    0.0012761    nan    nan
13954    -27.7359000    1.6912400    3.9182800    0.0002222    953.6605835    434.6316528    276.2545166    0.0014814    -0.0004611    -0.0010204    0.0015291    nan    nan
13955    -27.7503000    1.6975000    3.9182800    0.0002458    806.3963013    305.3465881    131.1824188    0.0009756    -0.0002668    -0.0007088    0.0010149    nan    nan
13956    -27.7304000    1.6728700    3.9182800    0.0001270    1131.7519531    595.5936279    450.3932495    0.0021480    -0.0007193    -0.0014287    0.0022037    nan    nan
13957    -27.7407000    1.6791400    3.9182800    0.0001336    1004.1889038    504.4481506    301.8934631    0.0025562    -0.0006804    -0.0018758    0.0026701    nan    nan
13958    -27.7520000    1.6829600    3.9182800    0.0001468    864.2127686    379.3458252    165.2863159    0.0019928    -0.0004836    -0.0015092    0.0020974    nan    nan
13979    -27.7611000    1.7006800    3.9182800    0.0001097    709.2194214    211.7456360    43.8326340    0.0003242    -0.0000882    -0.0002360    0.0003356    nan    nan
13989    -27.7607000    1.6846700    3.9182800    0.0000794    762.3001099    275.1341248    75.1131897    0.0011193    -0.0002660    -0.0008533    0.0011717    nan    nan
13990    -27.7663000    1.6854200    3.9182800    0.0000846    692.6419067    200.5098877    24.4044056    0.0003417    -0.0000861    -0.0002556    0.0003556    nan    nan
14071    -27.7652000    1.6699200    3.9182800    0.0000694    696.7047119    214.8891296    15.6107597    0.0006715    -0.0001599    -0.0005116    0.0007018    nan    nan
14072    -27.7644000    1.6549200    3.9182800    0.0000615    691.9906616    209.6585083    16.3259010    0.0006253    -0.0001411    -0.0004842    0.0006562    nan    nan
14073    -27.7604000    1.6698700    3.9182800    0.0000712    786.2866821    311.8129272    82.1489105    0.0018326    -0.0003938    -0.0014388    0.0019334    nan    nan
14074    -27.7601000    1.6548800    3.9182800    0.0000622    809.8183594    344.2807922    92.7954788    0.0029082    -0.0004976    -0.0024107    0.0031183    nan    nan
14075    -27.7325000    1.6564800    3.9182800    0.0001253    1365.4327393    815.3110352    680.9302368    0.0031991    -0.0010950    -0.0021040    0.0032852    nan    nan
14076    -27.7442000    1.6475500    3.9182800    0.0000642    1285.1878662    849.6597290    464.8792114    0.0204824    -0.0016704    -0.0188120    0.0228479    nan    nan
14077    -27.7284000    1.6490100    3.9182800    0.0001267    1471.5743408    909.6734009    792.9786987    0.0032850    -0.0012300    -0.0020550    0.0033555    nan    nan
14078    -27.7421000    1.6434700    3.9182800    0.0000628    1326.6777344    891.6922607    497.7473145    0.0234836    -0.0017625    -0.0217211    0.0262508    nan    nan
14079    -27.7262000    1.6409200    3.9182800    0.0001223    1534.7392578    969.2044067    856.2454224    0.0034407    -0.0013309    -0.0021098    0.0035077    nan    nan
14080    -27.7408000    1.6390500    3.9182800    0.0000635    1344.9196777    910.6782837    514.7256470    0.0236939    -0.0018018    -0.0218920    0.0264655    nan    nan
14089    -27.7119000    1.6719100    3.9182800    0.0002097    1171.0871582    579.3254395    560.3172607    0.0006254    -0.0003057    -0.0003196    0.0006297    nan    nan
14090    -27.7121000    1.6426300    3.9182800    0.0001522    1355.5882568    897.0562134    684.6334839    0.0002817    -0.0000856    -0.0001961    0.0002889    nan    nan
14091    -27.7157000    1.6540200    3.9182800    0.0001387    1321.9384766    784.3190918    672.5437012    0.0005680    -0.0002233    -0.0003447    0.0005744    nan    nan
14092    -27.7219000    1.6644100    3.9182800    0.0001333    1236.9887695    643.4418945    610.0690918    0.0012415    -0.0005715    -0.0006700    0.0012506    nan    nan
14767    -27.7473000    1.6509300    2.9111100    0.0000716    1216.3944092    777.5054321    410.1119385    0.0167395    -0.0015011    -0.0152384    0.0186100    nan    nan
14768    -27.7383000    1.6626300    2.9111100    0.0001333    1221.1816406    698.2698364    518.9440918    0.0033126    -0.0009721    -0.0023405    0.0034346    nan    nan
14769    -27.7513000    1.6532800    2.9111100    0.0000716    1113.0299072    668.0637817    326.7004395    0.0124980    -0.0012518    -0.0112462    0.0138310    nan    nan
14770    -27.7456000    1.6669500    2.9111100    0.0001331    1059.2136231    565.5098267    341.9267273    0.0034195    -0.0008270    -0.0025925    0.0035920    nan    nan
14771    -27.7557000    1.6545300    2.9111100    0.0000716    974.5175781    522.6547852    214.9268799    0.0080202    -0.0009234    -0.0070968    0.0088124    nan    nan
14772    -27.7537000    1.6692400    2.9111100    0.0001325    899.9558105    422.2324524    185.1877136    0.0027922    -0.0006007    -0.0021915    0.0029561    nan    nan
14788    -27.7128000    1.6958500    2.9111100    0.0004129    1009.6298218    433.9490662    388.1531677    0.0004912    -0.0002176    -0.0002736    0.0004954    nan    nan
14789    -27.7293000    1.7077000    2.9111100    0.0004557    889.1004639    354.9321899    236.6960449    0.0006681    -0.0002296    -0.0004385    0.0006835    nan    nan
14790    -27.7480000    1.7165500    2.9111100    0.0004650    751.0461426    242.5706177    100.6505051    0.0002891    -0.0000888    -0.0002003    0.0002968    nan    nan
14791    -27.7230000    1.6825500    2.9111100    0.0002142    1082.7387695    526.9395752    428.4650574    0.0012718    -0.0004930    -0.0007788    0.0012927    nan    nan
14792    -27.7359000    1.6912400    2.9111100    0.0002418    955.6065063    437.4316711    277.4554749    0.0015016    -0.0004646    -0.0010370    0.0015506    nan    nan
14793    -27.7503000    1.6975000    2.9111100    0.0002675    808.1551514    308.0300293    132.1722565    0.0009949    -0.0002703    -0.0007246    0.0010355    nan    nan
14794    -27.7304000    1.6728700    2.9111100    0.0001382    1133.7078857    598.2821655    451.6566772    0.0021681    -0.0007221    -0.0014460    0.0022252    nan    nan
14795    -27.7407000    1.6791400    2.9111100    0.0001454    1005.9240112    506.9800415    302.9559326    0.0025836    -0.0006831    -0.0019005    0.0027001    nan    nan
14796    -27.7520000    1.6829600    2.9111100    0.0001598    865.8362427    381.8137512    166.2376251    0.0020190    -0.0004863    -0.0015326    0.0021261    nan    nan
14817    -27.7611000    1.7006800    2.9111100    0.0001194    710.6272583    213.9748993    44.3877640    0.0003364    -0.0000907    -0.0002457    0.0003485    nan    nan
14827    -27.7607000    1.6846800    2.9111100    0.0000864    763.8749390    277.6940002    75.9342651    0.0011411    -0.0002695    -0.0008717    0.0011951    nan    nan
14828    -27.7663000    1.6854300    2.9111100    0.0000920    694.0188599    202.6807251    24.9781704    0.0003537    -0.0000884    -0.0002653    0.0003684    nan    nan
14909    -27.7652000    1.6699200    2.9111100    0.0000755    697.9101562    217.0451660    16.1457195    0.0006870    -0.0001624    -0.0005246    0.0007184    nan    nan
14910    -27.7644000    1.6549300    2.9111100    0.0000670    693.1191406    211.4975281    16.5927944    0.0006376    -0.0001426    -0.0004950    0.0006695    nan    nan
14911    -27.7604000    1.6698700    2.9111100    0.0000775    787.6319580    313.9355469    82.9167557    0.0018546    -0.0003956    -0.0014590    0.0019578    nan    nan
14912    -27.7601000    1.6548900    2.9111100    0.0000677    810.8483887    346.1362915    93.1982193    0.0029400    -0.0004990    -0.0024410    0.0031540    nan    nan
14913    -27.7325000    1.6564800    2.9111100    0.0001364    1367.4792481    818.3055420    682.0341797    0.0032284    -0.0010993    -0.0021291    0.0033166    nan    nan
14914    -27.7442000    1.6475600    2.9111100    0.0000699    1285.9458008    850.6075439    465.1974792    0.0206155    -0.0016679    -0.0189476    0.0230027    nan    nan
14915    -27.7284000    1.6490100    2.9111100    0.0001379    1473.5894775    912.7358398    793.9041748    0.0033149    -0.0012349    -0.0020800    0.0033870    nan    nan
14916    -27.7421000    1.6434700    2.9111100    0.0000684    1327.3496094    892.4908447    498.0084839    0.0236271    -0.0017595    -0.0218676    0.0264175    nan    nan
14917    -27.7262000    1.6409200    2.9111100    0.0001331    1536.7631836    972.3365479    857.1008911    0.0034723    -0.0013362    -0.0021362    0.0035409    nan    nan
14918    -27.7408000    1.6390500    2.9111100    0.0000691    1345.5382080    911.4113159    514.9506226    0.0238329    -0.0017987    -0.0220342    0.0266270    nan    nan
14927    -27.7119000    1.6719100    2.9111100    0.0002282    1173.6245117    580.8651733    563.5031128    0.0006355    -0.0003121    -0.0003234    0.0006399    nan    nan
14928    -27.7121000    1.6426300    2.9111100    0.0001657    1359.3052978    898.6891479    688.1297607    0.0002881    -0.0000884    -0.0001997    0.0002953    nan    nan
14929    -27.7157000    1.6540200    2.9111100    0.0001509    1324.9210205    786.0195312    676.0284424    0.0005770    -0.0002278    -0.0003492    0.0005834    nan    nan
14930    -27.7219000    1.6644100    2.9111100    0.0001451    1239.3624268    646.4465332    611.6030273    0.0012535    -0.0005750    -0.0006786    0.0012629    nan    nan
15605    -27.7473000    1.6509300    1.8149100    0.0000780    1216.9515381    778.2721558    410.3216248    0.0168231    -0.0015000    -0.0153231    0.0187069    nan    nan
15606    -27.7383000    1.6626300    1.8149100    0.0001451    1222.5682373    700.2622070    519.7941284    0.0033347    -0.0009746    -0.0023600    0.0034586    nan    nan
15607    -27.7513000    1.6532800    1.8149100    0.0000779    1113.6822510    669.0407104    326.9632263    0.0125658    -0.0012514    -0.0113144    0.0139092    nan    nan
15608    -27.7456000    1.6669500    1.8149100    0.0001449    1060.5014648    567.3418579    342.7571411    0.0034424    -0.0008290    -0.0026135    0.0036173    nan    nan
15609    -27.7557000    1.6545300    1.8149100    0.0000779    975.2367554    523.7744751    215.2273712    0.0080679    -0.0009235    -0.0071444    0.0088673    nan    nan
15610    -27.7537000    1.6692400    1.8149100    0.0001442    901.0870972    423.8898315    185.8851471    0.0028132    -0.0006021    -0.0022110    0.0029794    nan    nan
