5 376 
521    -27.7452000    1.6507500    12.3733000    0.0000170    1010.2765503    463.3721008    306.4553833    0.0060015    -0.0015800    -0.0044216    0.0062906    nan    nan
522    -27.7361000    1.6625100    12.3733000    0.0000315    868.2554321    304.5590210    228.4176178    0.0009492    -0.0003909    -0.0005583    0.0009616    nan    nan
523    -27.7491000    1.6530600    12.3733000    0.0000169    894.0067139    338.3856812    219.5977478    0.0038979    -0.0011318    -0.0027661    0.0040517    nan    nan
524    -27.7434000    1.6667800    12.3734000    0.0000315    760.9837646    190.9353790    126.7560043    0.0008698    -0.0003663    -0.0005035    0.0008802    nan    nan
525    -27.7535000    1.6542800    12.3734000    0.0000169    751.9549561    195.8050690    108.3124313    0.0019687    -0.0006440    -0.0013246    0.0020199    nan    nan
526    -27.7515000    1.6690200    12.3734000    0.0000313    655.3504639    95.5666580    26.8865833    0.0003491    -0.0001457    -0.0002034    0.0003529    nan    nan
548    -27.7282000    1.6727700    12.3733000    0.0000327    787.7192383    245.4185486    147.3129120    0.0003368    -0.0001226    -0.0002141    0.0003429    nan    nan
549    -27.7385000    1.6789800    12.3734000    0.0000344    700.8635864    144.2296295    76.8207321    0.0002501    -0.0001023    -0.0001478    0.0002530    nan    nan
666    -27.7579000    1.6546100    12.3734000    0.0000160    600.9385376    56.8396034    6.4870987    0.0003703    -0.0001567    -0.0002136    0.0003722    nan    nan
667    -27.7303000    1.6564000    12.3733000    0.0000323    962.3875122    447.2552795    299.7035522    0.0008755    -0.0003016    -0.0005739    0.0008968    nan    nan
668    -27.7421000    1.6474200    12.3733000    0.0000165    1099.6279297    565.5689697    367.9820862    0.0080127    -0.0019539    -0.0060587    0.0084411    nan    nan
669    -27.7262000    1.6489700    12.3733000    0.0000326    1031.2622070    573.4346313    351.8121033    0.0008171    -0.0002252    -0.0005919    0.0008502    nan    nan
670    -27.7399000    1.6433800    12.3733000    0.0000162    1155.3583984    630.5328979    407.5110168    0.0096262    -0.0021909    -0.0074354    0.0101866    nan    nan
671    -27.7239000    1.6409100    12.3733000    0.0000315    1063.4331055    639.2328491    378.5917358    0.0008003    -0.0001928    -0.0006075    0.0008409    nan    nan
672    -27.7386000    1.6390200    12.3733000    0.0000164    1181.4162598    658.4576416    429.4978943    0.0099401    -0.0022829    -0.0076572    0.0105083    nan    nan
684    -27.7197000    1.6643400    12.3733000    0.0000343    835.4807739    364.5180359    171.7866821    0.0001685    -0.0000383    -0.0001302    0.0001775    nan    nan
1359    -27.7452000    1.6507700    12.1138000    0.0000185    1137.0877685    650.1637573    395.1570740    0.0071312    -0.0011896    -0.0059416    0.0076958    nan    nan
1360    -27.7362000    1.6625300    12.1138000    0.0000343    1006.3079834    427.1429749    379.1929932    0.0009072    -0.0003817    -0.0005255    0.0009165    nan    nan
1361    -27.7492000    1.6530800    12.1138000    0.0000185    1011.3317261    507.0526123    298.7293701    0.0047775    -0.0008946    -0.0038829    0.0051130    nan    nan
1362    -27.7435000    1.6668000    12.1138000    0.0000343    872.1259766    316.4223633    225.3793793    0.0009462    -0.0003535    -0.0005927    0.0009625    nan    nan
1363    -27.7536000    1.6543000    12.1138000    0.0000184    857.1670532    339.1800537    175.3281555    0.0025780    -0.0005534    -0.0020246    0.0027251    nan    nan
1364    -27.7516000    1.6690400    12.1138000    0.0000341    736.1198120    191.0064850    94.1216278    0.0004826    -0.0001799    -0.0003027    0.0004912    nan    nan
1386    -27.7283000    1.6727800    12.1138000    0.0000356    914.2902832    339.9913635    295.8799438    0.0003650    -0.0001628    -0.0002023    0.0003683    nan    nan
1387    -27.7385000    1.6790000    12.1138000    0.0000375    804.4596558    237.3834839    181.6823730    0.0003578    -0.0001530    -0.0002047    0.0003618    nan    nan
1504    -27.7580000    1.6546400    12.1138000    0.0000174    676.2719727    160.1788483    56.1466217    0.0005690    -0.0001730    -0.0003960    0.0005835    nan    nan
1505    -27.7303000    1.6564100    12.1138000    0.0000351    1132.1848144    568.8122559    501.3474731    0.0007973    -0.0003544    -0.0004429    0.0008027    nan    nan
1506    -27.7421000    1.6474300    12.1138000    0.0000180    1227.8892822    757.9031372    463.0337219    0.0094062    -0.0014124    -0.0079938    0.0102150    nan    nan
1507    -27.7263000    1.6489700    12.1138000    0.0000355    1229.0635986    698.2091064    583.6088257    0.0007935    -0.0003464    -0.0004471    0.0007989    nan    nan
1508    -27.7400000    1.6433900    12.1138000    0.0000176    1285.1578369    825.1604614    506.8769836    0.0112834    -0.0015412    -0.0097422    0.0123125    nan    nan
1509    -27.7240000    1.6409100    12.1138000    0.0000343    1282.2083740    767.7756958    629.7402344    0.0008307    -0.0003559    -0.0004749    0.0008371    nan    nan
1510    -27.7387000    1.6390300    12.1138000    0.0000178    1311.9168701    855.9127197    529.8901978    0.0116663    -0.0015928    -0.0100734    0.0127287    nan    nan
2197    -27.7453000    1.6507800    11.8312000    0.0000201    1092.0185547    603.8514404    345.1014099    0.0076809    -0.0012950    -0.0063859    0.0082788    nan    nan
2198    -27.7362000    1.6625300    11.8312000    0.0000374    994.7552490    410.6020813    368.5566711    0.0009960    -0.0004225    -0.0005734    0.0010053    nan    nan
2199    -27.7492000    1.6530900    11.8312000    0.0000201    980.4105225    478.1470032    262.0810547    0.0051508    -0.0009479    -0.0042029    0.0055162    nan    nan
2200    -27.7435000    1.6668100    11.8312000    0.0000373    864.7489014    315.7440491    211.3758087    0.0010294    -0.0003686    -0.0006607    0.0010493    nan    nan
2201    -27.7536000    1.6543100    11.8312000    0.0000201    839.3960571    327.5931396    151.4218750    0.0027712    -0.0005642    -0.0022070    0.0029392    nan    nan
2202    -27.7516000    1.6690500    11.8312000    0.0000371    734.2108765    202.3229218    82.3032379    0.0005407    -0.0001858    -0.0003549    0.0005528    nan    nan
2224    -27.7283000    1.6727800    11.8312000    0.0000388    919.1097412    333.8011169    308.2071533    0.0004204    -0.0001959    -0.0002245    0.0004235    nan    nan
2225    -27.7386000    1.6790100    11.8312000    0.0000408    812.1438599    254.8701019    179.9421234    0.0004322    -0.0001748    -0.0002574    0.0004381    nan    nan
2342    -27.7580000    1.6546500    11.8312000    0.0000190    676.0741577    169.2833710    44.3550148    0.0006342    -0.0001787    -0.0004555    0.0006541    nan    nan
2343    -27.7304000    1.6564100    11.8312000    0.0000382    1117.1705322    538.7086182    493.5712280    0.0009048    -0.0004373    -0.0004675    0.0009094    nan    nan
2344    -27.7422000    1.6474400    11.8312000    0.0000196    1171.3337402    696.6963501    402.4736633    0.0101088    -0.0015638    -0.0085450    0.0109521    nan    nan
2345    -27.7263000    1.6489700    11.8312000    0.0000387    1212.3079834    664.7807617    569.9013062    0.0009346    -0.0004378    -0.0004969    0.0009399    nan    nan
2346    -27.7400000    1.6434000    11.8312000    0.0000192    1219.9946289    753.7358398    437.9611511    0.0121043    -0.0017307    -0.0103735    0.0131678    nan    nan
2347    -27.7240000    1.6409100    11.8312000    0.0000373    1264.8730469    730.9371338    615.0552979    0.0010000    -0.0004534    -0.0005465    0.0010072    nan    nan
2348    -27.7387000    1.6390300    11.8312000    0.0000194    1242.7095947    779.3895874    457.1033936    0.0125023    -0.0018008    -0.0107015    0.0135922    nan    nan
3035    -27.7453000    1.6507800    11.5236000    0.0000219    1134.9024658    656.9819946    381.8500061    0.0080941    -0.0012325    -0.0068616    0.0087756    nan    nan
3036    -27.7362000    1.6625400    11.5236000    0.0000407    1029.0623779    453.8653870    394.4675903    0.0010676    -0.0004271    -0.0006406    0.0010806    nan    nan
3037    -27.7492000    1.6531000    11.5236000    0.0000219    1014.4139404    521.6077271    289.2647400    0.0054783    -0.0009148    -0.0045635    0.0059021    nan    nan
3038    -27.7435000    1.6668200    11.5236000    0.0000406    890.0421753    348.4383545    230.5780792    0.0011122    -0.0003779    -0.0007343    0.0011376    nan    nan
3039    -27.7536000    1.6543300    11.5236000    0.0000218    865.2093506    362.2307129    170.0956726    0.0030008    -0.0005611    -0.0024397    0.0032016    nan    nan
3040    -27.7516000    1.6690600    11.5236000    0.0000404    749.8809204    225.2504730    92.3155060    0.0006254    -0.0002030    -0.0004224    0.0006421    nan    nan
3062    -27.7283000    1.6727900    11.5236000    0.0000422    943.0902710    361.8208313    326.9369812    0.0004849    -0.0002191    -0.0002658    0.0004890    nan    nan
3063    -27.7386000    1.6790100    11.5236000    0.0000444    829.7924805    278.4483948    191.7038574    0.0005129    -0.0001993    -0.0003136    0.0005212    nan    nan
3179    -27.7583000    1.6696600    11.5236000    0.0000237    660.0655518    139.0511780    14.5412169    0.0001259    -0.0000420    -0.0000839    0.0001283    nan    nan
3180    -27.7580000    1.6546600    11.5236000    0.0000207    691.9279785    191.7958069    52.8796425    0.0007045    -0.0001826    -0.0005219    0.0007313    nan    nan
3181    -27.7304000    1.6564100    11.5236000    0.0000416    1160.2512207    573.3850708    542.3464966    0.0009815    -0.0004419    -0.0005395    0.0009880    nan    nan
3182    -27.7422000    1.6474500    11.5236000    0.0000213    1220.8607178    756.0377197    446.9117737    0.0106003    -0.0014700    -0.0091303    0.0115533    nan    nan
3183    -27.7263000    1.6489800    11.5236000    0.0000421    1260.6795654    697.9407349    627.1168823    0.0010154    -0.0004804    -0.0005350    0.0010214    nan    nan
3184    -27.7400000    1.6434000    11.5236000    0.0000209    1274.8134766    818.0265503    488.2372742    0.0126631    -0.0016167    -0.0110464    0.0138571    nan    nan
3185    -27.7241000    1.6409100    11.5236000    0.0000406    1317.8485107    765.2436523    677.6154785    0.0010954    -0.0005164    -0.0005790    0.0011032    nan    nan
3186    -27.7387000    1.6390300    11.5236000    0.0000211    1299.8011475    845.8927612    509.9259644    0.0130582    -0.0016767    -0.0113815    0.0142823    nan    nan
3198    -27.7198000    1.6643600    11.5236000    0.0000443    1015.5657349    469.5974121    385.9621582    0.0001233    -0.0000518    -0.0000715    0.0001243    nan    nan
3873    -27.7453000    1.6507900    11.1888000    0.0000238    1123.0421143    647.8414917    366.2850342    0.0084806    -0.0012610    -0.0072196    0.0092059    nan    nan
3874    -27.7363000    1.6625400    11.1888000    0.0000443    1034.2508545    460.9403992    396.3681641    0.0011385    -0.0004492    -0.0006893    0.0011531    nan    nan
3875    -27.7492000    1.6531100    11.1888000    0.0000238    1010.0231934    520.7203979    280.5820007    0.0057773    -0.0009364    -0.0048409    0.0062352    nan    nan
3876    -27.7435000    1.6668200    11.1888000    0.0000442    896.4465942    359.5621643    232.4310913    0.0011963    -0.0003943    -0.0008019    0.0012262    nan    nan
3877    -27.7536000    1.6543300    11.1888000    0.0000238    866.9755859    368.7456360    167.1768494    0.0031939    -0.0005763    -0.0026175    0.0034160    nan    nan
3878    -27.7516000    1.6690700    11.1888000    0.0000440    757.9133301    240.1533203    94.8440475    0.0007086    -0.0002186    -0.0004900    0.0007301    nan    nan
3900    -27.7284000    1.6727900    11.1888000    0.0000459    955.1408691    377.3983154    334.3159180    0.0005496    -0.0002420    -0.0003076    0.0005547    nan    nan
3901    -27.7386000    1.6790200    11.1888000    0.0000483    841.9871216    297.6980286    197.1859131    0.0006005    -0.0002229    -0.0003777    0.0006119    nan    nan
3902    -27.7499000    1.6827900    11.1888000    0.0000531    722.8163452    192.8332214    84.4833679    0.0001540    -0.0000561    -0.0000980    0.0001565    nan    nan
4017    -27.7583000    1.6696700    11.1888000    0.0000257    668.3931274    154.8968964    15.4321022    0.0001701    -0.0000530    -0.0001171    0.0001743    nan    nan
4018    -27.7580000    1.6546700    11.1888000    0.0000225    699.7112427    202.8521118    53.2068558    0.0007639    -0.0001881    -0.0005758    0.0007961    nan    nan
4019    -27.7304000    1.6564200    11.1888000    0.0000453    1164.7004394    568.5452271    552.9025269    0.0010528    -0.0004758    -0.0005770    0.0010599    nan    nan
4020    -27.7422000    1.6474500    11.1888000    0.0000232    1202.4278565    739.6267090    425.2842712    0.0110646    -0.0015029    -0.0095616    0.0120716    nan    nan
4021    -27.7263000    1.6489800    11.1888000    0.0000458    1265.4980469    693.3983154    636.1010742    0.0011005    -0.0005396    -0.0005608    0.0011069    nan    nan
4022    -27.7401000    1.6434000    11.1888000    0.0000227    1251.2869873    796.0540771    461.7786560    0.0131878    -0.0016514    -0.0115363    0.0144434    nan    nan
4023    -27.7241000    1.6409100    11.1888000    0.0000442    1323.3599853    760.1371460    687.1709595    0.0011940    -0.0005862    -0.0006077    0.0012024    nan    nan
4024    -27.7388000    1.6390300    11.1888000    0.0000230    1273.9500732    821.3745728    481.2761230    0.0135834    -0.0017129    -0.0118705    0.0148681    nan    nan
4036    -27.7198000    1.6643600    11.1888000    0.0000482    1029.6650391    473.4340515    404.7569885    0.0001585    -0.0000696    -0.0000888    0.0001595    nan    nan
4711    -27.7453000    1.6508000    10.8244000    0.0000259    1139.1534424    668.1965332    379.1593323    0.0087829    -0.0012451    -0.0075377    0.0095586    nan    nan
4712    -27.7363000    1.6625400    10.8244000    0.0000482    1049.0378418    480.3738098    406.6105957    0.0011993    -0.0004593    -0.0007399    0.0012167    nan    nan
4713    -27.7493000    1.6531200    10.8244000    0.0000259    1022.7282105    537.9824829    289.5277405    0.0060115    -0.0009303    -0.0050811    0.0065056    nan    nan
4714    -27.7435000    1.6668300    10.8244000    0.0000481    907.0059204    374.5024414    239.3945312    0.0012616    -0.0004037    -0.0008579    0.0012959    nan    nan
4715    -27.7536000    1.6543400    10.8244000    0.0000259    876.4458008    382.6638489    172.9430695    0.0033465    -0.0005778    -0.0027688    0.0035897    nan    nan
4716    -27.7517000    1.6690800    10.8244000    0.0000479    764.7585449    251.3087006    98.3318939    0.0007685    -0.0002289    -0.0005397    0.0007939    nan    nan
4738    -27.7284000    1.6727900    10.8244000    0.0000500    965.4471436    391.2652283    340.4696045    0.0006001    -0.0002578    -0.0003423    0.0006063    nan    nan
4739    -27.7386000    1.6790200    10.8244000    0.0000526    850.3819580    310.3146667    201.4672241    0.0006667    -0.0002402    -0.0004265    0.0006805    nan    nan
4740    -27.7500000    1.6828000    10.8244000    0.0000578    728.7288208    202.6385345    85.5835114    0.0002012    -0.0000707    -0.0001305    0.0002051    nan    nan
4855    -27.7583000    1.6696800    10.8244000    0.0000280    671.1408081    161.8240051    14.7665567    0.0002056    -0.0000618    -0.0001438    0.0002113    nan    nan
4856    -27.7581000    1.6546800    10.8244000    0.0000245    707.1366577    213.2246399    55.8172569    0.0008123    -0.0001914    -0.0006210    0.0008495    nan    nan
4857    -27.7304000    1.6564200    10.8244000    0.0000493    1183.2873535    585.7263184    571.3046875    0.0011205    -0.0004903    -0.0006302    0.0011295    nan    nan
4858    -27.7422000    1.6474600    10.8244000    0.0000253    1221.4666748    762.3712769    441.5701294    0.0114283    -0.0014787    -0.0099496    0.0124994    nan    nan
4859    -27.7264000    1.6489800    10.8244000    0.0000499    1285.9195557    706.0248413    661.1485596    0.0011739    -0.0005559    -0.0006180    0.0011817    nan    nan
4860    -27.7401000    1.6434100    10.8244000    0.0000247    1272.5996094    820.4444580    480.6561584    0.0135986    -0.0016214    -0.0119772    0.0149277    nan    nan
4861    -27.7241000    1.6409100    10.8244000    0.0000481    1345.7253418    772.7852783    714.6457520    0.0012781    -0.0006199    -0.0006583    0.0012878    nan    nan
4862    -27.7388000    1.6390300    10.8244000    0.0000250    1296.1850586    846.4749146    501.2389221    0.0139899    -0.0016800    -0.0123099    0.0153482    nan    nan
4874    -27.7199000    1.6643600    10.8244000    0.0000524    1044.0296631    482.1288147    421.3731995    0.0001923    -0.0000867    -0.0001056    0.0001933    nan    nan
5549    -27.7453000    1.6508000    10.4277000    0.0000282    1137.9547119    669.3168945    375.3570862    0.0090783    -0.0012567    -0.0078217    0.0098930    nan    nan
5550    -27.7363000    1.6625500    10.4277000    0.0000525    1056.2653809    489.9860535    410.6837463    0.0012631    -0.0004766    -0.0007865    0.0012826    nan    nan
5551    -27.7493000    1.6531200    10.4277000    0.0000282    1024.7640381    542.8408203    288.4897156    0.0062436    -0.0009433    -0.0053003    0.0067665    nan    nan
5552    -27.7436000    1.6668300    10.4277000    0.0000524    913.8405151    384.5742493    243.1212463    0.0013323    -0.0004173    -0.0009150    0.0013705    nan    nan
5553    -27.7537000    1.6543500    10.4277000    0.0000282    880.8179321    390.0677795    174.2259216    0.0034976    -0.0005883    -0.0029093    0.0037582    nan    nan
5554    -27.7517000    1.6690800    10.4277000    0.0000521    771.7066650    262.1210327    102.0298920    0.0008343    -0.0002406    -0.0005938    0.0008639    nan    nan
5574    -27.7339000    1.6911300    10.4277000    0.0000952    798.8504028    251.4807281    177.9782104    0.0001050    -0.0000431    -0.0000619    0.0001059    nan    nan
5576    -27.7284000    1.6728000    10.4277000    0.0000544    974.9064941    404.1131287    345.8812866    0.0006555    -0.0002751    -0.0003804    0.0006629    nan    nan
5577    -27.7386000    1.6790300    10.4277000    0.0000572    859.6836548    323.9013367    206.5921173    0.0007382    -0.0002580    -0.0004802    0.0007551    nan    nan
5578    -27.7500000    1.6828100    10.4277000    0.0000629    735.8960571    214.2537842    87.9467468    0.0002513    -0.0000849    -0.0001664    0.0002570    nan    nan
5693    -27.7583000    1.6696900    10.4277000    0.0000305    676.0915527    171.4793091    15.9494095    0.0002434    -0.0000702    -0.0001733    0.0002509    nan    nan
5694    -27.7581000    1.6546900    10.4277000    0.0000266    713.6399536    221.6670227    57.3077431    0.0008589    -0.0001971    -0.0006618    0.0009002    nan    nan
5695    -27.7304000    1.6564200    10.4277000    0.0000537    1190.6933594    590.3751221    579.6042480    0.0011819    -0.0005125    -0.0006694    0.0011920    nan    nan
5696    -27.7422000    1.6474600    10.4277000    0.0000275    1217.3229981    760.2909546    435.1373901    0.0117794    -0.0014887    -0.0102908    0.0128989    nan    nan
5697    -27.7264000    1.6489800    10.4277000    0.0000543    1293.7419434    707.6507568    672.2714844    0.0012398    -0.0005850    -0.0006547    0.0012484    nan    nan
5698    -27.7401000    1.6434100    10.4277000    0.0000269    1266.1119385    815.6625366    472.1127319    0.0139869    -0.0016282    -0.0123587    0.0153707    nan    nan
5699    -27.7241000    1.6409100    10.4277000    0.0000524    1354.4123535    774.3230591    726.6573486    0.0013531    -0.0006598    -0.0006934    0.0013634    nan    nan
5700    -27.7388000    1.6390300    10.4277000    0.0000272    1288.6201172    840.5029297    491.7424622    0.0143717    -0.0016858    -0.0126859    0.0157840    nan    nan
5712    -27.7199000    1.6643600    10.4277000    0.0000571    1055.1639404    487.3829041    435.5064697    0.0002238    -0.0001034    -0.0001204    0.0002249    nan    nan
6387    -27.7453000    1.6508100    9.9960300    0.0000307    1145.4816894    679.4259644    380.5989990    0.0093287    -0.0012521    -0.0080766    0.0101821    nan    nan
6388    -27.7363000    1.6625500    9.9960300    0.0000571    1065.4945068    502.3421631    416.6777649    0.0013183    -0.0004876    -0.0008306    0.0013403    nan    nan
6389    -27.7493000    1.6531300    9.9960300    0.0000307    1031.3270264    552.3934937    292.3791809    0.0064362    -0.0009439    -0.0054923    0.0069871    nan    nan
6390    -27.7436000    1.6668400    9.9960300    0.0000570    920.7149048    394.5167541    247.3861542    0.0013895    -0.0004261    -0.0009635    0.0014316    nan    nan
6391    -27.7537000    1.6543600    9.9960400    0.0000307    886.3219604    398.5927124    177.1377106    0.0036223    -0.0005918    -0.0030305    0.0038996    nan    nan
6392    -27.7517000    1.6690900    9.9960300    0.0000567    776.9153442    270.3242798    104.8075867    0.0008852    -0.0002487    -0.0006366    0.0009183    nan    nan
6412    -27.7339000    1.6911300    9.9960300    0.0001036    805.4730225    260.3821411    180.8707123    0.0001369    -0.0000549    -0.0000820    0.0001384    nan    nan
6414    -27.7284000    1.6728000    9.9960300    0.0000592    982.1712036    414.2288818    349.8537598    0.0007018    -0.0002888    -0.0004130    0.0007103    nan    nan
6415    -27.7386000    1.6790300    9.9960300    0.0000623    866.3765259    333.7431946    210.1648712    0.0007973    -0.0002722    -0.0005251    0.0008168    nan    nan
6416    -27.7500000    1.6828100    9.9960300    0.0000685    740.6505127    222.2036591    89.2527008    0.0002950    -0.0000969    -0.0001981    0.0003024    nan    nan
6531    -27.7583000    1.6696900    9.9960400    0.0000332    678.4890747    177.2749481    16.0073242    0.0002762    -0.0000776    -0.0001986    0.0002854    nan    nan
6532    -27.7581000    1.6547000    9.9960400    0.0000290    719.1249390    228.9508514    58.9042702    0.0008994    -0.0002010    -0.0006984    0.0009446    nan    nan
6533    -27.7305000    1.6564200    9.9960300    0.0000584    1201.7824707    604.3225708    586.6781006    0.0012398    -0.0005272    -0.0007126    0.0012516    nan    nan
6534    -27.7422000    1.6474600    9.9960300    0.0000300    1225.6827393    770.8134766    441.5216064    0.0120803    -0.0014802    -0.0106001    0.0132482    nan    nan
6535    -27.7264000    1.6489800    9.9960300    0.0000591    1305.6394043    714.3965454    687.2530518    0.0013007    -0.0006018    -0.0006989    0.0013105    nan    nan
6536    -27.7401000    1.6434100    9.9960300    0.0000293    1275.1716309    826.4045410    479.4143982    0.0143234    -0.0016169    -0.0127065    0.0157620    nan    nan
6537    -27.7241000    1.6409200    9.9960300    0.0000570    1367.4136963    780.9260864    743.1124878    0.0014222    -0.0006802    -0.0007420    0.0014336    nan    nan
6538    -27.7388000    1.6390300    9.9960300    0.0000296    1297.8890381    851.2842407    499.3789978    0.0147015    -0.0016730    -0.0130284    0.0161678    nan    nan
6550    -27.7199000    1.6643700    9.9960300    0.0000621    1064.6296387    493.0209656    447.1352539    0.0002540    -0.0001190    -0.0001349    0.0002552    nan    nan
7225    -27.7453000    1.6508100    9.5261600    0.0000334    1147.0238037    682.7444458    380.1861267    0.0095679    -0.0012578    -0.0083101    0.0104545    nan    nan
7226    -27.7363000    1.6625500    9.5261600    0.0000621    1071.9718018    510.9369202    420.5894470    0.0013723    -0.0005011    -0.0008712    0.0013964    nan    nan
7227    -27.7493000    1.6531400    9.5261600    0.0000334    1034.3436279    557.5671997    293.1053772    0.0066233    -0.0009520    -0.0056712    0.0071985    nan    nan
7228    -27.7436000    1.6668400    9.5261600    0.0000621    926.3289795    402.5115662    250.7510986    0.0014468    -0.0004362    -0.0010106    0.0014924    nan    nan
7229    -27.7537000    1.6543600    9.5261600    0.0000334    890.2901611    404.8765259    178.8287506    0.0037451    -0.0005996    -0.0031454    0.0040372    nan    nan
7230    -27.7517000    1.6690900    9.5261600    0.0000618    782.2605591    278.2855835    107.8758087    0.0009382    -0.0002574    -0.0006808    0.0009749    nan    nan
7250    -27.7339000    1.6911400    9.5261600    0.0001127    812.0890503    269.2808228    184.0122833    0.0001671    -0.0000656    -0.0001015    0.0001692    nan    nan
7252    -27.7284000    1.6728000    9.5261600    0.0000644    989.2657471    423.9886780    353.8539734    0.0007484    -0.0003023    -0.0004462    0.0007583    nan    nan
7253    -27.7386000    1.6790400    9.5261600    0.0000678    873.3031616    343.6609802    214.1412659    0.0008560    -0.0002857    -0.0005703    0.0008783    nan    nan
7254    -27.7500000    1.6828200    9.5261600    0.0000745    745.6224365    230.6288605    91.1207428    0.0003403    -0.0001088    -0.0002315    0.0003497    nan    nan
7369    -27.7583000    1.6697000    9.5261600    0.0000361    681.7018433    183.9381866    16.9790859    0.0003077    -0.0000843    -0.0002234    0.0003185    nan    nan
7370    -27.7581000    1.6547000    9.5261600    0.0000316    724.0287476    235.2303162    60.2898750    0.0009378    -0.0002052    -0.0007326    0.0009867    nan    nan
7371    -27.7305000    1.6564300    9.5261600    0.0000636    1208.7625732    612.6347656    591.0850830    0.0012934    -0.0005441    -0.0007492    0.0013064    nan    nan
7372    -27.7422000    1.6474700    9.5261600    0.0000326    1225.8983154    772.5836792    440.0137634    0.0123641    -0.0014837    -0.0108804    0.0135732    nan    nan
7373    -27.7264000    1.6489800    9.5261600    0.0000643    1312.9930420    717.1018677    697.2960205    0.0013568    -0.0006220    -0.0007349    0.0013675    nan    nan
7374    -27.7401000    1.6434100    9.5261600    0.0000319    1274.3109131    826.8223267    476.9979553    0.0146377    -0.0016177    -0.0130200    0.0161228    nan    nan
7375    -27.7241000    1.6409200    9.5261600    0.0000620    1375.4730225    783.6163940    753.9483643    0.0014854    -0.0007048    -0.0007805    0.0014975    nan    nan
7376    -27.7388000    1.6390300    9.5261600    0.0000322    1296.5075684    851.0923462    496.5406494    0.0150089    -0.0016727    -0.0133362    0.0165210    nan    nan
7388    -27.7199000    1.6643700    9.5261600    0.0000676    1073.1612549    497.6275330    458.0070496    0.0002823    -0.0001344    -0.0001479    0.0002837    nan    nan
8063    -27.7453000    1.6508100    9.0147400    0.0000364    1151.4525147    688.9797363    382.8629761    0.0097800    -0.0012568    -0.0085232    0.0106986    nan    nan
8064    -27.7363000    1.6625500    9.0147400    0.0000676    1078.7661133    520.0796509    424.9090271    0.0014207    -0.0005113    -0.0009094    0.0014471    nan    nan
8065    -27.7493000    1.6531400    9.0147400    0.0000364    1038.6762695    564.0739136    295.3896179    0.0067872    -0.0009546    -0.0058326    0.0073855    nan    nan
8066    -27.7436000    1.6668400    9.0147400    0.0000676    931.6258545    410.0831299    254.0646362    0.0014965    -0.0004439    -0.0010527    0.0015455    nan    nan
8067    -27.7537000    1.6543700    9.0147400    0.0000363    894.3077393    411.1321411    180.8262177    0.0038542    -0.0006037    -0.0032505    0.0041607    nan    nan
8068    -27.7517000    1.6691000    9.0147400    0.0000672    786.7158813    284.9461975    110.4376068    0.0009829    -0.0002643    -0.0007186    0.0010228    nan    nan
8087    -27.7210000    1.6824800    9.0147400    0.0001087    929.5482178    348.2789612    325.2906189    0.0001160    -0.0000551    -0.0000609    0.0001168    nan    nan
8088    -27.7339000    1.6911400    9.0147400    0.0001227    817.5584106    276.5513611    186.5740051    0.0001947    -0.0000750    -0.0001197    0.0001975    nan    nan
8090    -27.7284000    1.6728000    9.0147400    0.0000701    995.0421143    432.0638428    357.0046692    0.0007897    -0.0003138    -0.0004759    0.0008008    nan    nan
8091    -27.7386000    1.6790400    9.0147400    0.0000738    878.8235474    351.6168518    217.2341919    0.0009074    -0.0002972    -0.0006102    0.0009323    nan    nan
8092    -27.7500000    1.6828200    9.0147400    0.0000811    749.3609009    237.3415527    92.5884476    0.0003817    -0.0001196    -0.0002621    0.0003930    nan    nan
8207    -27.7583000    1.6697000    9.0147400    0.0000393    684.1420288    189.0356445    17.5926514    0.0003384    -0.0000908    -0.0002476    0.0003509    nan    nan
8208    -27.7581000    1.6547100    9.0147400    0.0000343    728.3298950    241.0356293    61.6859894    0.0009760    -0.0002095    -0.0007665    0.0010284    nan    nan
8209    -27.7305000    1.6564300    9.0147400    0.0000692    1216.6196289    622.8915405    595.6614990    0.0013430    -0.0005572    -0.0007858    0.0013575    nan    nan
8210    -27.7422000    1.6474700    9.0147400    0.0000355    1230.3841553    778.5682983    442.9750977    0.0126171    -0.0014800    -0.0111371    0.0138657    nan    nan
8211    -27.7264000    1.6489800    9.0147400    0.0000700    1321.4051514    721.6127930    708.0120239    0.0014095    -0.0006374    -0.0007720    0.0014213    nan    nan
8212    -27.7401000    1.6434100    9.0147400    0.0000347    1278.8662109    832.5286255    480.1849365    0.0149198    -0.0016118    -0.0133079    0.0164495    nan    nan
8213    -27.7241000    1.6409200    9.0147400    0.0000675    1384.4676514    787.9044189    765.5805664    0.0015440    -0.0007228    -0.0008212    0.0015570    nan    nan
8214    -27.7388000    1.6390400    9.0147400    0.0000351    1301.0402832    856.6689453    499.7861633    0.0152860    -0.0016660    -0.0136200    0.0168421    nan    nan
8226    -27.7199000    1.6643700    9.0147400    0.0000736    1080.4827881    501.9253845    467.0733948    0.0003084    -0.0001484    -0.0001600    0.0003099    nan    nan
8901    -27.7453000    1.6508200    8.4581000    0.0000396    1153.4534912    692.3766479    383.3251343    0.0099787    -0.0012600    -0.0087187    0.0109255    nan    nan
8902    -27.7363000    1.6625600    8.4581000    0.0000736    1084.2332764    527.4078369    428.2292175    0.0014682    -0.0005225    -0.0009457    0.0014966    nan    nan
8903    -27.7493000    1.6531400    8.4581000    0.0000396    1041.4384766    568.5422363    296.3706360    0.0069409    -0.0009600    -0.0059808    0.0075596    nan    nan
8904    -27.7436000    1.6668500    8.4581000    0.0000735    936.1990356    416.5156555    256.8958740    0.0015446    -0.0004518    -0.0010927    0.0015967    nan    nan
8905    -27.7537000    1.6543700    8.4581100    0.0000395    897.4713135    416.1090088    182.1944733    0.0039597    -0.0006093    -0.0033503    0.0042793    nan    nan
8906    -27.7517000    1.6691000    8.4581100    0.0000732    791.0321655    291.1319580    113.0690460    0.0010251    -0.0002709    -0.0007542    0.0010681    nan    nan
8925    -27.7210000    1.6824900    8.4581000    0.0001183    936.4667969    356.4266663    329.5807495    0.0001405    -0.0000659    -0.0000746    0.0001415    nan    nan
8926    -27.7339000    1.6911400    8.4581000    0.0001335    822.7637329    283.4855652    189.1163483    0.0002210    -0.0000836    -0.0001374    0.0002244    nan    nan
8928    -27.7284000    1.6728000    8.4581000    0.0000763    1000.5463257    439.6683960    360.1095886    0.0008291    -0.0003245    -0.0005046    0.0008415    nan    nan
8929    -27.7387000    1.6790400    8.4581000    0.0000803    884.2440796    359.2328186    220.4732819    0.0009556    -0.0003076    -0.0006480    0.0009830    nan    nan
8930    -27.7500000    1.6828200    8.4581100    0.0000883    753.1081543    243.8292694    94.2762756    0.0004202    -0.0001291    -0.0002911    0.0004334    nan    nan
9045    -27.7583000    1.6697100    8.4581100    0.0000428    687.1310425    194.5595398    18.8427029    0.0003697    -0.0000971    -0.0002726    0.0003840    nan    nan
9046    -27.7581000    1.6547100    8.4581100    0.0000374    731.8785400    246.4560852    63.0797997    0.0010171    -0.0002154    -0.0008017    0.0010729    nan    nan
9047    -27.7305000    1.6564300    8.4581000    0.0000753    1222.5927734    630.5810547    599.0224609    0.0013897    -0.0005708    -0.0008189    0.0014055    nan    nan
9048    -27.7422000    1.6474700    8.4581000    0.0000386    1231.7009277    781.0731201    442.9362793    0.0128534    -0.0014813    -0.0113721    0.0141371    nan    nan
9049    -27.7264000    1.6489800    8.4581000    0.0000762    1327.7617188    724.2886353    716.5459595    0.0014585    -0.0006536    -0.0008049    0.0014712    nan    nan
9050    -27.7401000    1.6434200    8.4581000    0.0000378    1279.6448975    834.2502441    479.7376709    0.0151821    -0.0016110    -0.0135711    0.0167514    nan    nan
9051    -27.7241000    1.6409200    8.4581000    0.0000735    1391.2055664    790.4865112    774.6378174    0.0015981    -0.0007413    -0.0008568    0.0016119    nan    nan
9052    -27.7388000    1.6390400    8.4581000    0.0000382    1301.5500488    858.0567627    499.1348267    0.0155437    -0.0016644    -0.0138793    0.0171388    nan    nan
9064    -27.7199000    1.6643700    8.4581000    0.0000801    1087.1219482    505.6673584    475.4639282    0.0003321    -0.0001616    -0.0001705    0.0003337    nan    nan
9739    -27.7453000    1.6508200    7.8522600    0.0000431    1156.4553223    696.7245483    384.9411926    0.0101580    -0.0012602    -0.0088979    0.0111315    nan    nan
9740    -27.7363000    1.6625600    7.8522600    0.0000801    1089.5928955    534.6442871    431.5671692    0.0015119    -0.0005318    -0.0009801    0.0015424    nan    nan
9741    -27.7493000    1.6531500    7.8522600    0.0000431    1044.5852051    573.3325195    297.9159546    0.0070784    -0.0009628    -0.0061156    0.0077163    nan    nan
9742    -27.7436000    1.6668500    7.8522600    0.0000800    940.4642944    422.5259399    259.6092529    0.0015877    -0.0004584    -0.0011294    0.0016429    nan    nan
9743    -27.7537000    1.6543700    7.8522600    0.0000430    900.5458984    420.8885803    183.6671753    0.0040539    -0.0006130    -0.0034409    0.0043859    nan    nan
9744    -27.7517000    1.6691000    7.8522600    0.0000796    794.8088379    296.5960693    115.3867493    0.0010622    -0.0002766    -0.0007856    0.0011078    nan    nan
9763    -27.7210000    1.6824900    7.8522500    0.0001288    942.2747803    363.7022705    333.3177490    0.0001657    -0.0000769    -0.0000888    0.0001670    nan    nan
9764    -27.7339000    1.6911500    7.8522600    0.0001454    827.2901611    289.4817505    191.3133392    0.0002457    -0.0000915    -0.0001541    0.0002498    nan    nan
9766    -27.7284000    1.6728100    7.8522500    0.0000831    1005.2682495    446.2325134    362.7332764    0.0008650    -0.0003341    -0.0005309    0.0008785    nan    nan
9767    -27.7387000    1.6790400    7.8522600    0.0000874    888.9077759    365.7424011    223.2754822    0.0009988    -0.0003167    -0.0006820    0.0010285    nan    nan
9768    -27.7500000    1.6828300    7.8522600    0.0000961    756.2661743    249.2718811    95.6946564    0.0004549    -0.0001374    -0.0003175    0.0004699    nan    nan
9883    -27.7583000    1.6697100    7.8522600    0.0000466    689.5703125    199.0111542    19.8686066    0.0003970    -0.0001025    -0.0002945    0.0004130    nan    nan
9884    -27.7581000    1.6547200    7.8522600    0.0000407    734.9737549    251.1945343    64.1993103    0.0010545    -0.0002203    -0.0008343    0.0011136    nan    nan
9885    -27.7305000    1.6564300    7.8522500    0.0000820    1228.6036377    638.5154419    602.4123535    0.0014330    -0.0005822    -0.0008508    0.0014502    nan    nan
9886    -27.7422000    1.6474700    7.8522600    0.0000420    1234.5457764    785.0325317    444.5631714    0.0130681    -0.0014795    -0.0115886    0.0143848    nan    nan
9887    -27.7264000    1.6489800    7.8522500    0.0000829    1334.1324463    728.2253418    724.1197510    0.0015036    -0.0006668    -0.0008367    0.0015173    nan    nan
9888    -27.7401000    1.6434200    7.8522500    0.0000411    1282.3663330    837.8188477    481.3618774    0.0154208    -0.0016074    -0.0138134    0.0170274    nan    nan
9889    -27.7241000    1.6409200    7.8522500    0.0000800    1397.9401856    793.6354370    783.4351196    0.0016478    -0.0007563    -0.0008915    0.0016625    nan    nan
9890    -27.7388000    1.6390400    7.8522500    0.0000416    1304.1778565    861.4575195    500.7266846    0.0157775    -0.0016601    -0.0141174    0.0174092    nan    nan
9902    -27.7199000    1.6643700    7.8522500    0.0000872    1092.9018555    509.1116943    482.6365051    0.0003537    -0.0001735    -0.0001802    0.0003554    nan    nan
10577    -27.7453000    1.6508200    7.1928400    0.0000469    1158.3375244    699.6965332    385.6021423    0.0103233    -0.0012621    -0.0090612    0.0113205    nan    nan
10578    -27.7363000    1.6625600    7.1928400    0.0000872    1094.1258545    540.7310181    434.3448486    0.0015528    -0.0005410    -0.0010118    0.0015852    nan    nan
10579    -27.7493000    1.6531500    7.1928400    0.0000469    1046.9274902    577.0213623    298.8546753    0.0072054    -0.0009667    -0.0062387    0.0078604    nan    nan
10580    -27.7436000    1.6668500    7.1928400    0.0000871    944.2290039    427.7525330    262.0038147    0.0016278    -0.0004647    -0.0011631    0.0016857    nan    nan
10581    -27.7537000    1.6543800    7.1928400    0.0000468    903.0866089    424.8317261    184.8091278    0.0041414    -0.0006171    -0.0035243    0.0044846    nan    nan
10582    -27.7517000    1.6691100    7.1928400    0.0000867    798.2965088    301.5955811    117.5495758    0.0010969    -0.0002823    -0.0008146    0.0011450    nan    nan
10601    -27.7210000    1.6824900    7.1928400    0.0001401    947.6543579    370.5051270    336.7582092    0.0001889    -0.0000868    -0.0001021    0.0001903    nan    nan
10602    -27.7339000    1.6911500    7.1928400    0.0001582    831.4568481    294.9960327    193.3889618    0.0002683    -0.0000986    -0.0001698    0.0002732    nan    nan
10604    -27.7284000    1.6728100    7.1928400    0.0000904    1009.6456909    452.2747192    365.2197266    0.0008984    -0.0003427    -0.0005556    0.0009130    nan    nan
10605    -27.7387000    1.6790500    7.1928400    0.0000951    893.2501221    371.7510071    225.9450378    0.0010387    -0.0003249    -0.0007137    0.0010706    nan    nan
10606    -27.7500000    1.6828300    7.1928400    0.0001046    759.2549438    254.3456879    97.1201248    0.0004870    -0.0001448    -0.0003422    0.0005037    nan    nan
10721    -27.7584000    1.6697200    7.1928400    0.0000507    691.9928589    203.2858276    21.0115795    0.0004220    -0.0001072    -0.0003148    0.0004396    nan    nan
10722    -27.7581000    1.6547200    7.1928400    0.0000443    737.7936401    255.3986053    65.2254791    0.0010898    -0.0002247    -0.0008650    0.0011520    nan    nan
10723    -27.7305000    1.6564300    7.1928400    0.0000893    1233.5594482    645.0311279    605.1363525    0.0014733    -0.0005934    -0.0008800    0.0014918    nan    nan
10724    -27.7422000    1.6474800    7.1928400    0.0000458    1236.0122070    787.4155273    444.9451294    0.0132658    -0.0014799    -0.0117859    0.0146122    nan    nan
10725    -27.7264000    1.6489900    7.1928400    0.0000902    1339.3540039    732.9093628    728.7592773    0.0015453    -0.0006797    -0.0008656    0.0015599    nan    nan
10726    -27.7401000    1.6434200    7.1928400    0.0000447    1283.5156250    839.6765747    481.5269470    0.0156405    -0.0016062    -0.0140344    0.0172806    nan    nan
10727    -27.7241000    1.6409200    7.1928400    0.0000871    1403.4470215    795.9259033    790.7989502    0.0016936    -0.0007709    -0.0009227    0.0017090    nan    nan
10728    -27.7388000    1.6390400    7.1928400    0.0000452    1305.1544190    863.0868530    500.7730103    0.0159924    -0.0016582    -0.0143342    0.0176570    nan    nan
10740    -27.7199000    1.6643700    7.1928400    0.0000949    1098.1993408    512.2084351    489.2857056    0.0003735    -0.0001845    -0.0001890    0.0003754    nan    nan
11415    -27.7453000    1.6508300    6.4751300    0.0000510    1160.5344238    702.8996582    386.7103882    0.0104718    -0.0012626    -0.0092092    0.0114910    nan    nan
11416    -27.7363000    1.6625600    6.4751300    0.0000949    1098.3746338    546.4493408    436.9989319    0.0015899    -0.0005488    -0.0010411    0.0016241    nan    nan
11417    -27.7493000    1.6531500    6.4751400    0.0000510    1049.3270264    580.6603394    300.0049438    0.0073192    -0.0009691    -0.0063501    0.0079901    nan    nan
11418    -27.7436000    1.6668500    6.4751400    0.0000948    947.6940918    432.5528259    264.2428589    0.0016637    -0.0004702    -0.0011936    0.0017243    nan    nan
11419    -27.7537000    1.6543800    6.4751400    0.0000510    905.4909058    428.5091248    185.9777679    0.0042201    -0.0006200    -0.0036001    0.0045737    nan    nan
11420    -27.7517000    1.6691100    6.4751400    0.0000943    801.3935547    306.0519104    119.4709244    0.0011280    -0.0002873    -0.0008406    0.0011783    nan    nan
11439    -27.7210000    1.6824900    6.4751300    0.0001525    952.3784180    376.4640198    339.7740173    0.0002101    -0.0000957    -0.0001145    0.0002118    nan    nan
11440    -27.7339000    1.6911500    6.4751300    0.0001722    835.1137695    299.8072510    195.2277222    0.0002891    -0.0001049    -0.0001842    0.0002946    nan    nan
11442    -27.7284000    1.6728100    6.4751300    0.0000984    1013.4613648    457.5461426    367.3827515    0.0009285    -0.0003504    -0.0005781    0.0009443    nan    nan
11443    -27.7387000    1.6790500    6.4751300    0.0001036    897.0396729    376.9744263    228.2761230    0.0010748    -0.0003322    -0.0007425    0.0011088    nan    nan
11444    -27.7500000    1.6828300    6.4751400    0.0001138    761.8346558    258.7021484    98.3614044    0.0005159    -0.0001513    -0.0003646    0.0005343    nan    nan
11559    -27.7583000    1.6697200    6.4751400    0.0000552    694.0251465    206.8689117    21.9521179    0.0004445    -0.0001113    -0.0003332    0.0004636    nan    nan
11560    -27.7581000    1.6547200    6.4751400    0.0000482    740.3183594    259.1290283    66.1449509    0.0011217    -0.0002285    -0.0008932    0.0011869    nan    nan
11561    -27.7305000    1.6564300    6.4751300    0.0000972    1238.2540283    651.2590332    607.7532349    0.0015101    -0.0006029    -0.0009072    0.0015298    nan    nan
11562    -27.7422000    1.6474800    6.4751300    0.0000498    1238.0145264    790.2484741    445.9827576    0.0134439    -0.0014789    -0.0119650    0.0148175    nan    nan
11563    -27.7264000    1.6489900    6.4751300    0.0000982    1344.2911377    739.1929932    731.4108887    0.0015833    -0.0006908    -0.0008926    0.0015988    nan    nan
11564    -27.7401000    1.6434200    6.4751300    0.0000487    1285.3587647    842.1505737    482.4938660    0.0158387    -0.0016037    -0.0142350    0.0175096    nan    nan
11565    -27.7241000    1.6409200    6.4751300    0.0000948    1408.6368408    799.0816040    796.8790283    0.0017352    -0.0007832    -0.0009519    0.0017514    nan    nan
11566    -27.7388000    1.6390400    6.4751300    0.0000492    1306.8950195    865.4036865    501.6854553    0.0161865    -0.0016553    -0.0145313    0.0178813    nan    nan
11578    -27.7199000    1.6643700    6.4751300    0.0001033    1102.8621826    515.0236816    495.0670776    0.0003917    -0.0001938    -0.0001979    0.0003937    nan    nan
12253    -27.7453000    1.6508300    5.6939800    0.0000556    1162.1188965    705.3127441    387.3485107    0.0106051    -0.0012638    -0.0093413    0.0116438    nan    nan
12254    -27.7363000    1.6625600    5.6939700    0.0001033    1101.9904785    551.3053589    439.2312317    0.0016235    -0.0005561    -0.0010674    0.0016594    nan    nan
12255    -27.7493000    1.6531600    5.6939800    0.0000555    1051.2199707    583.5898438    300.8111572    0.0074220    -0.0009720    -0.0064500    0.0081069    nan    nan
12256    -27.7436000    1.6668600    5.6939800    0.0001032    950.7008057    436.6945801    266.1789551    0.0016962    -0.0004752    -0.0012210    0.0017591    nan    nan
12257    -27.7537000    1.6543900    5.6939800    0.0000555    907.4989624    431.5886841    186.9033661    0.0042917    -0.0006230    -0.0036686    0.0046545    nan    nan
12258    -27.7517000    1.6691100    5.6939800    0.0001027    804.1289062    309.9651184    121.1711044    0.0011563    -0.0002918    -0.0008645    0.0012088    nan    nan
12277    -27.7210000    1.6824900    5.6939700    0.0001660    956.6322021    381.8585205    342.4820862    0.0002294    -0.0001036    -0.0001258    0.0002313    nan    nan
12278    -27.7339000    1.6911500    5.6939800    0.0001874    838.4132080    304.1257935    196.9216766    0.0003078    -0.0001104    -0.0001974    0.0003139    nan    nan
12280    -27.7284000    1.6728100    5.6939700    0.0001071    1016.8876953    462.2657776    369.3456726    0.0009559    -0.0003573    -0.0005986    0.0009727    nan    nan
12281    -27.7387000    1.6790500    5.6939800    0.0001127    900.4241943    381.6263428    230.3815460    0.0011071    -0.0003386    -0.0007685    0.0011430    nan    nan
12282    -27.7500000    1.6828400    5.6939800    0.0001239    764.2225342    262.6685486    99.5536423    0.0005423    -0.0001571    -0.0003852    0.0005623    nan    nan
12397    -27.7583000    1.6697200    5.6939800    0.0000601    695.9679565    210.2303162    22.8746700    0.0004661    -0.0001153    -0.0003508    0.0004865    nan    nan
12398    -27.7581000    1.6547300    5.6939800    0.0000525    742.5410767    262.3933716    66.9375153    0.0011514    -0.0002320    -0.0009194    0.0012193    nan    nan
12399    -27.7305000    1.6564300    5.6939700    0.0001057    1242.1982422    656.4937744    609.9091187    0.0015435    -0.0006118    -0.0009317    0.0015643    nan    nan
12400    -27.7422000    1.6474800    5.6939700    0.0000542    1239.3195801    792.2421875    446.4432068    0.0136035    -0.0014789    -0.0121247    0.0150012    nan    nan
12401    -27.7264000    1.6489900    5.6939700    0.0001069    1348.4174805    744.5661621    733.4639893    0.0016176    -0.0007009    -0.0009167    0.0016339    nan    nan
12402    -27.7401000    1.6434200    5.6939700    0.0000530    1286.4499512    843.7677002    482.8149414    0.0160163    -0.0016025    -0.0144138    0.0177145    nan    nan
12403    -27.7241000    1.6409200    5.6939700    0.0001032    1412.9731445    803.9456177    799.6907959    0.0017726    -0.0007946    -0.0009780    0.0017895    nan    nan
12404    -27.7388000    1.6390400    5.6939700    0.0000536    1307.8649902    866.8557129    501.9262085    0.0163604    -0.0016535    -0.0147069    0.0180820    nan    nan
12416    -27.7199000    1.6643700    5.6939700    0.0001124    1107.0268555    517.4983521    500.2809448    0.0004082    -0.0002016    -0.0002066    0.0004103    nan    nan
13091    -27.7453000    1.6508300    4.8437600    0.0000605    1163.7038574    707.6281128    388.1169739    0.0107211    -0.0012643    -0.0094568    0.0117770    nan    nan
13092    -27.7363000    1.6625700    4.8437600    0.0001125    1105.1770019    555.5983887    441.2200317    0.0016527    -0.0005622    -0.0010905    0.0016900    nan    nan
13093    -27.7493000    1.6531600    4.8437600    0.0000604    1052.9896240    586.2767944    301.6365662    0.0075125    -0.0009739    -0.0065386    0.0082100    nan    nan
13094    -27.7436000    1.6668600    4.8437600    0.0001123    953.3247070    440.3084717    267.8884888    0.0017240    -0.0004794    -0.0012446    0.0017890    nan    nan
13095    -27.7537000    1.6543900    4.8437600    0.0000604    909.3246460    434.3861084    187.7527618    0.0043562    -0.0006255    -0.0037306    0.0047275    nan    nan
13096    -27.7517000    1.6691200    4.8437600    0.0001118    806.3831787    313.2544556    122.5447464    0.0011809    -0.0002956    -0.0008854    0.0012353    nan    nan
13115    -27.7210000    1.6824900    4.8437600    0.0001807    960.2810059    386.5042419    344.7788391    0.0002469    -0.0001107    -0.0001362    0.0002490    nan    nan
13116    -27.7339000    1.6911600    4.8437600    0.0002040    841.2980347    307.8504944    198.4192963    0.0003243    -0.0001152    -0.0002091    0.0003310    nan    nan
13118    -27.7284000    1.6728100    4.8437600    0.0001166    1019.8067627    466.3033142    370.9925537    0.0009802    -0.0003633    -0.0006169    0.0009979    nan    nan
13119    -27.7386000    1.6790500    4.8437600    0.0001227    903.2193604    385.5136108    232.0931091    0.0011351    -0.0003440    -0.0007912    0.0011728    nan    nan
13120    -27.7500000    1.6828400    4.8437600    0.0001348    766.3681030    266.1438293    100.6252747    0.0005667    -0.0001624    -0.0004043    0.0005882    nan    nan
13235    -27.7583000    1.6697300    4.8437600    0.0000654    697.7888184    213.2941895    23.6973095    0.0004886    -0.0001195    -0.0003691    0.0005105    nan    nan
13236    -27.7581000    1.6547300    4.8437600    0.0000571    744.4503174    265.2207947    67.5935898    0.0011785    -0.0002350    -0.0009434    0.0012489    nan    nan
13237    -27.7305000    1.6564300    4.8437600    0.0001151    1245.7033691    661.1710815    611.8440552    0.0015726    -0.0006192    -0.0009534    0.0015944    nan    nan
13238    -27.7422000    1.6474800    4.8437600    0.0000590    1240.7336426    794.2563477    447.1300659    0.0137424    -0.0014782    -0.0122642    0.0151614    nan    nan
13239    -27.7264000    1.6489900    4.8437600    0.0001163    1352.0904541    749.4540405    735.2396240    0.0016475    -0.0007094    -0.0009381    0.0016646    nan    nan
13240    -27.7401000    1.6434200    4.8437600    0.0000577    1287.7253418    845.4970703    483.4267273    0.0161709    -0.0016008    -0.0145701    0.0178930    nan    nan
13241    -27.7241000    1.6409200    4.8437600    0.0001123    1416.8148193    809.0333862    801.4655762    0.0018053    -0.0008041    -0.0010012    0.0018228    nan    nan
13242    -27.7388000    1.6390400    4.8437600    0.0000583    1309.0552978    868.4598999    502.4884338    0.0165117    -0.0016514    -0.0148603    0.0182568    nan    nan
13254    -27.7199000    1.6643700    4.8437600    0.0001224    1110.5666504    519.6171265    504.6971436    0.0004227    -0.0002079    -0.0002148    0.0004249    nan    nan
13929    -27.7453000    1.6508300    3.9183700    0.0000658    1164.8863525    709.3993530    388.6179504    0.0108198    -0.0012650    -0.0095548    0.0118901    nan    nan
13930    -27.7363000    1.6625700    3.9183700    0.0001224    1107.7906494    559.1161499    442.8452759    0.0016775    -0.0005674    -0.0011102    0.0017161    nan    nan
13931    -27.7493000    1.6531600    3.9183700    0.0000658    1054.3762207    588.4108887    302.2323303    0.0075904    -0.0009759    -0.0066145    0.0082986    nan    nan
13932    -27.7436000    1.6668600    3.9183700    0.0001222    955.5095825    443.2941589    269.3215942    0.0017473    -0.0004829    -0.0012644    0.0018141    nan    nan
13933    -27.7537000    1.6543900    3.9183700    0.0000657    910.8136597    436.6861877    188.4013519    0.0044126    -0.0006280    -0.0037847    0.0047913    nan    nan
13934    -27.7517000    1.6691200    3.9183700    0.0001216    808.2189331    315.9484558    123.6650848    0.0012015    -0.0002986    -0.0009029    0.0012575    nan    nan
13953    -27.7210000    1.6824900    3.9183700    0.0001967    963.3950806    390.4837036    346.7316284    0.0002620    -0.0001168    -0.0001453    0.0002643    nan    nan
13954    -27.7339000    1.6911600    3.9183700    0.0002220    843.7723389    311.0276184    199.7233429    0.0003385    -0.0001193    -0.0002192    0.0003457    nan    nan
13956    -27.7284000    1.6728100    3.9183700    0.0001269    1022.2755127    469.7258301    372.3800964    0.0010011    -0.0003684    -0.0006327    0.0010197    nan    nan
13957    -27.7386000    1.6790500    3.9183700    0.0001335    905.5649414    388.7940674    233.5193024    0.0011593    -0.0003485    -0.0008108    0.0011984    nan    nan
13958    -27.7500000    1.6828400    3.9183700    0.0001468    768.2555542    269.1529846    101.5839005    0.0005881    -0.0001670    -0.0004211    0.0006108    nan    nan
14073    -27.7583000    1.6697300    3.9183700    0.0000712    699.5007935    216.0946198    24.4843578    0.0005101    -0.0001235    -0.0003866    0.0005334    nan    nan
14074    -27.7581000    1.6547300    3.9183700    0.0000622    746.0371704    267.5843811    68.1294785    0.0012021    -0.0002377    -0.0009645    0.0012748    nan    nan
14075    -27.7305000    1.6564400    3.9183700    0.0001253    1248.5623779    664.9896851    613.4025879    0.0015975    -0.0006256    -0.0009718    0.0016202    nan    nan
14076    -27.7422000    1.6474800    3.9183700    0.0000642    1241.7253418    795.7323608    447.5133667    0.0138605    -0.0014780    -0.0123824    0.0152974    nan    nan
14077    -27.7264000    1.6489900    3.9183700    0.0001266    1355.0585938    753.4158325    736.6520386    0.0016729    -0.0007167    -0.0009563    0.0016906    nan    nan
14078    -27.7401000    1.6434200    3.9183700    0.0000628    1288.5771484    846.7156372    483.7218018    0.0163023    -0.0015998    -0.0147025    0.0180446    nan    nan
14079    -27.7241000    1.6409200    3.9183700    0.0001222    1419.9451904    813.2087402    802.8645630    0.0018330    -0.0008122    -0.0010208    0.0018511    nan    nan
14080    -27.7388000    1.6390400    3.9183700    0.0000635    1309.8200684    869.5594482    502.7272034    0.0166401    -0.0016500    -0.0149901    0.0184050    nan    nan
14092    -27.7199000    1.6643700    3.9183700    0.0001332    1113.5683594    521.3854980    508.4753113    0.0004353    -0.0002132    -0.0002221    0.0004375    nan    nan
14767    -27.7453000    1.6508300    2.9111800    0.0000716    1165.9222412    710.9094238    389.1098022    0.0108990    -0.0012654    -0.0096336    0.0119811    nan    nan
14768    -27.7363000    1.6625700    2.9111800    0.0001332    1109.9195557    561.9803467    444.1812744    0.0016976    -0.0005715    -0.0011261    0.0017372    nan    nan
14769    -27.7493000    1.6531600    2.9111800    0.0000716    1055.5452881    590.1846313    302.7692871    0.0076531    -0.0009773    -0.0066758    0.0083701    nan    nan
14770    -27.7436000    1.6668600    2.9111800    0.0001330    957.2729492    445.6959839    270.4909363    0.0017659    -0.0004856    -0.0012803    0.0018340    nan    nan
14771    -27.7537000    1.6543900    2.9111800    0.0000715    912.0379028    438.5645752    188.9522095    0.0044583    -0.0006298    -0.0038285    0.0048429    nan    nan
14772    -27.7517000    1.6691200    2.9111800    0.0001324    809.6956787    318.1048889    124.5738068    0.0012181    -0.0003010    -0.0009172    0.0012755    nan    nan
14791    -27.7210000    1.6825000    2.9111800    0.0002141    965.8666992    393.6348877    348.2906189    0.0002742    -0.0001216    -0.0001526    0.0002766    nan    nan
14792    -27.7339000    1.6911600    2.9111800    0.0002417    845.6956177    313.5441589    200.7922211    0.0003500    -0.0001226    -0.0002275    0.0003576    nan    nan
14794    -27.7284000    1.6728100    2.9111800    0.0001382    1024.2402344    472.4457397    373.4870300    0.0010181    -0.0003725    -0.0006455    0.0010373    nan    nan
14795    -27.7386000    1.6790600    2.9111800    0.0001453    907.4260864    391.3887634    234.6558533    0.0011787    -0.0003521    -0.0008266    0.0012191    nan    nan
14796    -27.7500000    1.6828400    2.9111800    0.0001597    769.7329712    271.5192261    102.3246765    0.0006055    -0.0001706    -0.0004348    0.0006293    nan    nan
